9.3757,770.11,0,0,0,0,0,0,0,0,0
8.8711,797.52,0,0,0,0,0,0,0,0,0
9.3808,903.72,0,0,0,0,0,0,0,0,0
11.373,61.172,0,0,0,0,0,0,0,0,0
12.319,541.33,0,0,0,0,0,0,0,0,0
12.59,817.09,0,0,0,0,0,0,0,0,0
13.524,138.55,0,0,0,0,0,0,0,0,0
13.361,452.03,0,0,0,0,0,0,0,0,0
13.258,623.46,0,0,0,0,0,0,0,0,0
13.173,711.18,0,0,0,0,0,0,0,0,0
14.967,25.692,0,0,0,0,0,0,0,0,0
15.581,402.57,0,0,0,0,0,0,0,0,0
14.863,419.44,0,0,0,0,0,0,0,0,0
14.558,504.18,0,0,0,0,0,0,0,0,0
15.556,852.05,0,0,0,0,0,0,0,0,0
16.464,719.6,0,0,0,0,0,0,0,0,0
18.115,51.42,0,0,0,0,0,0,0,0,0
17.86,393.13,0,0,0,0,0,0,0,0,0
18.78,39.452,0,0,0,0,0,0,0,0,0
19.587,1264.9,0,0,0,0,0,0,0,0,0
21.67,180.58,0,0,0,0,0,0,0,0,0
21.038,309.14,0,0,0,0,0,0,0,0,0
21.195,855.01,0,0,0,0,0,0,0,0,0
22.721,260.66,0,0,0,0,0,0,0,0,0
22.594,540.24,0,0,0,0,0,0,0,0,0
22.179,847.28,0,0,0,0,0,0,0,0,0
24.561,14.858,0,0,0,0,0,0,0,0,0
25.212,192.94,0,0,0,0,0,0,0,0,0
24.929,713.22,0,0,0,0,0,0,0,0,0
25.879,966.04,0,0,0,0,0,0,0,0,0
26.789,106.26,0,0,0,0,0,0,0,0,0
27.034,216.15,0,0,0,0,0,0,0,0,0
26.649,504.12,0,0,0,0,0,0,0,0,0
26.41,952.07,0,0,0,0,0,0,0,0,0
28.802,304.27,0,0,0,0,0,0,0,0,0
30.548,32.901,0,0,0,0,0,0,0,0,0
29.897,66.164,0,0,0,0,0,0,0,0,0
30.012,715.84,0,0,0,0,0,0,0,0,0
31.669,282.14,0,0,0,0,0,0,0,0,0
33.501,682.4,0,0,0,0,0,0,0,0,0
34.171,76.761,0,0,0,0,0,0,0,0,0
35.581,43.525,0,0,0,0,0,0,0,0,0
36.11,394.71,0,0,0,0,0,0,0,0,0
36.415,635.09,0,0,0,0,0,0,0,0,0
35.884,769.47,0,0,0,0,0,0,0,0,0
38.162,104.46,0,0,0,0,0,0,0,0,0
36.835,430.13,0,0,0,0,0,0,0,0,0
38.051,607.41,0,0,0,0,0,0,0,0,0
39.687,37.151,0,0,0,0,0,0,0,0,0
38.709,94.647,0,0,0,0,0,0,0,0,0
38.826,517.53,0,0,0,0,0,0,0,0,0
38.93,730.76,0,0,0,0,0,0,0,0,0
40.372,434.73,0,0,0,0,0,0,0,0,0
41.06,623.57,0,0,0,0,0,0,0,0,0
40.803,640.59,0,0,0,0,0,0,0,0,0
41.986,150.94,0,0,0,0,0,0,0,0,0
42.128,306.4,0,0,0,0,0,0,0,0,0
42.595,664.7,0,0,0,0,0,0,0,0,0
41.676,1024.9,0,0,0,0,0,0,0,0,0
41.671,1268.6,0,0,0,0,0,0,0,0,0
44.122,253.71,0,0,0,0,0,0,0,0,0
43.434,751.84,0,0,0,0,0,0,0,0,0
44.101,765.04,0,0,0,0,0,0,0,0,0
44.185,820.19,0,0,0,0,0,0,0,0,0
44.893,237.04,0,0,0,0,0,0,0,0,0
44.604,274.5,0,0,0,0,0,0,0,0,0
47.091,259.49,0,0,0,0,0,0,0,0,0
48.359,474.86,0,0,0,0,0,0,0,0,0
47.782,814.3,0,0,0,0,0,0,0,0,0
49.824,426.04,0,0,0,0,0,0,0,0,0
49.489,466,0,0,0,0,0,0,0,0,0
49.629,517.32,0,0,0,0,0,0,0,0,0
51.642,16.209,0,0,0,0,0,0,0,0,0
50.924,143.94,0,0,0,0,0,0,0,0,0
51.093,299.6,0,0,0,0,0,0,0,0,0
51.46,451.82,0,0,0,0,0,0,0,0,0
51.18,666.06,0,0,0,0,0,0,0,0,0
51.058,763.2,0,0,0,0,0,0,0,0,0
52.979,263.25,0,0,0,0,0,0,0,0,0
51.759,499.24,0,0,0,0,0,0,0,0,0
51.951,604.33,0,0,0,0,0,0,0,0,0
52.401,671.29,0,0,0,0,0,0,0,0,0
54.056,348.23,0,0,0,0,0,0,0,0,0
55.558,71.663,0,0,0,0,0,0,0,0,0
55.361,422.85,0,0,0,0,0,0,0,0,0
57.478,143.89,0,0,0,0,0,0,0,0,0
56.656,213.11,0,0,0,0,0,0,0,0,0
56.848,648.94,0,0,0,0,0,0,0,0,0
59.056,276.03,0,0,0,0,0,0,0,0,0
58.458,1096.6,0,0,0,0,0,0,0,0,0
58.849,1250.1,0,0,0,0,0,0,0,0,0
59.426,629.94,0,0,0,0,0,0,0,0,0
61.311,302.7,0,0,0,0,0,0,0,0,0
61.544,361.68,0,0,0,0,0,0,0,0,0
61.567,387.59,0,0,0,0,0,0,0,0,0
62.17,671.02,0,0,0,0,0,0,0,0,0
61.694,735.13,0,0,0,0,0,0,0,0,0
63.08,72.019,0,0,0,0,0,0,0,0,0
63.58,1092.3,0,0,0,0,0,0,0,0,0
63.997,350.46,0,0,0,0,0,0,0,0,0
64.496,406.37,0,0,0,0,0,0,0,0,0
65.527,199.56,0,0,0,0,0,0,0,0,0
65.929,395.96,0,0,0,0,0,0,0,0,0
66.328,609.81,0,0,0,0,0,0,0,0,0
67.222,386.55,0,0,0,0,0,0,0,0,0
68.133,622.5,0,0,0,0,0,0,0,0,0
68.088,627.72,0,0,0,0,0,0,0,0,0
67.695,701.51,0,0,0,0,0,0,0,0,0
67.069,786.01,0,0,0,0,0,0,0,0,0
68.488,353.52,0,0,0,0,0,0,0,0,0
69.143,761.78,0,0,0,0,0,0,0,0,0
70.916,142.63,0,0,0,0,0,0,0,0,0
70.978,342.08,0,0,0,0,0,0,0,0,0
70.546,1254.2,0,0,0,0,0,0,0,0,0
72.167,55.231,0,0,0,0,0,0,0,0,0
72.384,422.74,0,0,0,0,0,0,0,0,0
72.266,727.58,0,0,0,0,0,0,0,0,0
71.769,797.59,0,0,0,0,0,0,0,0,0
73.813,600.4,0,0,0,0,0,0,0,0,0
75.371,169.47,0,0,0,0,0,0,0,0,0
74.675,306.09,0,0,0,0,0,0,0,0,0
75.387,347.84,0,0,0,0,0,0,0,0,0
74.759,455.76,0,0,0,0,0,0,0,0,0
75.349,660.42,0,0,0,0,0,0,0,0,0
75.651,668.01,0,0,0,0,0,0,0,0,0
75.622,787.46,0,0,0,0,0,0,0,0,0
78.092,337.28,0,0,0,0,0,0,0,0,0
79.304,31.379,0,0,0,0,0,0,0,0,0
79.05,200.38,0,0,0,0,0,0,0,0,0
79.678,266.32,0,0,0,0,0,0,0,0,0
79.646,354.21,0,0,0,0,0,0,0,0,0
78.993,502.09,0,0,0,0,0,0,0,0,0
80.383,243.4,0,0,0,0,0,0,0,0,0
81.145,678.15,0,0,0,0,0,0,0,0,0
80.553,737.5,0,0,0,0,0,0,0,0,0
82.64,277.84,0,0,0,0,0,0,0,0,0
82.217,320.68,0,0,0,0,0,0,0,0,0
82.75,728.85,0,0,0,0,0,0,0,0,0
82.69,1230.6,0,0,0,0,0,0,0,0,0
84.618,374.24,0,0,0,0,0,0,0,0,0
83.394,515.88,0,0,0,0,0,0,0,0,0
84.005,652.42,0,0,0,0,0,0,0,0,0
86.056,76.184,0,0,0,0,0,0,0,0,0
85.743,780.27,0,0,0,0,0,0,0,0,0
86.874,210.05,0,0,0,0,0,0,0,0,0
87.181,298.69,0,0,0,0,0,0,0,0,0
87.03,403.63,0,0,0,0,0,0,0,0,0
87.264,520.65,0,0,0,0,0,0,0,0,0
87.085,544.17,0,0,0,0,0,0,0,0,0
86.338,674.81,0,0,0,0,0,0,0,0,0
86.27,714.4,0,0,0,0,0,0,0,0,0
87.124,721.1,0,0,0,0,0,0,0,0,0
88.844,592.33,0,0,0,0,0,0,0,0,0
88.512,984.25,0,0,0,0,0,0,0,0,0
89.74,622.57,0,0,0,0,0,0,0,0,0
91.507,31.245,0,0,0,0,0,0,0,0,0
90.958,1219.2,0,0,0,0,0,0,0,0,0
94.842,274.45,0,0,0,0,0,0,0,0,0
94.871,641.53,0,0,0,0,0,0,0,0,0
96.202,233.04,0,0,0,0,0,0,0,0,0
97.627,145.48,0,0,0,0,0,0,0,0,0
97.893,536.7,0,0,0,0,0,0,0,0,0
97.995,650,0,0,0,0,0,0,0,0,0
99.023,104.08,0,0,0,0,0,0,0,0,0
98.575,131.82,0,0,0,0,0,0,0,0,0
99.124,667.61,0,0,0,0,0,0,0,0,0
99.606,760.57,0,0,0,0,0,0,0,0,0
98.88,995.47,0,0,0,0,0,0,0,0,0
100.64,16.195,0,0,0,0,0,0,0,0,0
100.7,310.25,0,0,0,0,0,0,0,0,0
100.79,754.41,0,0,0,0,0,0,0,0,0
101.91,117.15,0,0,0,0,0,0,0,0,0
103.49,459.4,0,0,0,0,0,0,0,0,0
107.12,158.28,0,0,0,0,0,0,0,0,0
106.74,204.29,0,0,0,0,0,0,0,0,0
106.44,415.48,0,0,0,0,0,0,0,0,0
106.54,941.92,0,0,0,0,0,0,0,0,0
107.85,239.58,0,0,0,0,0,0,0,0,0
107.71,317.15,0,0,0,0,0,0,0,0,0
108.08,519.86,0,0,0,0,0,0,0,0,0
107.36,777.45,0,0,0,0,0,0,0,0,0
108.59,998.51,0,0,0,0,0,0,0,0,0
109.11,78.392,0,0,0,0,0,0,0,0,0
109.6,367.59,0,0,0,0,0,0,0,0,0
109,732.21,0,0,0,0,0,0,0,0,0
110.67,174.57,0,0,0,0,0,0,0,0,0
110.71,193.7,0,0,0,0,0,0,0,0,0
110.47,231.8,0,0,0,0,0,0,0,0,0
112.61,162.78,0,0,0,0,0,0,0,0,0
112.34,414.97,0,0,0,0,0,0,0,0,0
114.23,46.319,0,0,0,0,0,0,0,0,0
114.26,592.78,0,0,0,0,0,0,0,0,0
113.6,946.73,0,0,0,0,0,0,0,0,0
115.21,141.25,0,0,0,0,0,0,0,0,0
114.98,180.9,0,0,0,0,0,0,0,0,0
115.61,598.58,0,0,0,0,0,0,0,0,0
116.09,758.53,0,0,0,0,0,0,0,0,0
115.61,978.04,0,0,0,0,0,0,0,0,0
115.72,989.29,0,0,0,0,0,0,0,0,0
117.32,256.78,0,0,0,0,0,0,0,0,0
117.5,767.93,0,0,0,0,0,0,0,0,0
116.5,961.15,0,0,0,0,0,0,0,0,0
118.15,84.327,0,0,0,0,0,0,0,0,0
118.76,100.25,0,0,0,0,0,0,0,0,0
119.96,169.71,0,0,0,0,0,0,0,0,0
121.59,526.24,0,0,0,0,0,0,0,0,0
122.57,51.334,0,0,0,0,0,0,0,0,0
124.51,146.76,0,0,0,0,0,0,0,0,0
123.81,250.45,0,0,0,0,0,0,0,0,0
124.23,733.26,0,0,0,0,0,0,0,0,0
124.11,971.34,0,0,0,0,0,0,0,0,0
126.21,601.27,0,0,0,0,0,0,0,0,0
127.04,34.506,0,0,0,0,0,0,0,0,0
128.1,266.44,0,0,0,0,0,0,0,0,0
126.95,666.14,0,0,0,0,0,0,0,0,0
129.35,175.8,0,0,0,0,0,0,0,0,0
128.73,526.52,0,0,0,0,0,0,0,0,0
129.3,585.05,0,0,0,0,0,0,0,0,0
130.21,143.98,0,0,0,0,0,0,0,0,0
130.12,240.4,0,0,0,0,0,0,0,0,0
131.19,313.76,0,0,0,0,0,0,0,0,0
130,532.43,0,0,0,0,0,0,0,0,0
131.81,275.86,0,0,0,0,0,0,0,0,0
132.58,303.31,0,0,0,0,0,0,0,0,0
133.99,289.67,0,0,0,0,0,0,0,0,0
133.15,341.08,0,0,0,0,0,0,0,0,0
134.43,228.05,0,0,0,0,0,0,0,0,0
135.24,454.34,0,0,0,0,0,0,0,0,0
135.71,509.83,0,0,0,0,0,0,0,0,0
134.97,646.5,0,0,0,0,0,0,0,0,0
135.17,727.77,0,0,0,0,0,0,0,0,0
135.99,100.57,0,0,0,0,0,0,0,0,0
136.61,639.11,0,0,0,0,0,0,0,0,0
135.85,704.86,0,0,0,0,0,0,0,0,0
139.21,124.46,0,0,0,0,0,0,0,0,0
139.22,137.46,0,0,0,0,0,0,0,0,0
139.47,154.28,0,0,0,0,0,0,0,0,0
139.91,583.37,0,0,0,0,0,0,0,0,0
138.9,595.68,0,0,0,0,0,0,0,0,0
140.13,692.02,0,0,0,0,0,0,0,0,0
141.31,209.78,0,0,0,0,0,0,0,0,0
140.53,643.53,0,0,0,0,0,0,0,0,0
140.79,665.66,0,0,0,0,0,0,0,0,0
142.68,44.273,0,0,0,0,0,0,0,0,0
142.29,196.24,0,0,0,0,0,0,0,0,0
142.3,315.57,0,0,0,0,0,0,0,0,0
142.17,686.02,0,0,0,0,0,0,0,0,0
143.68,610.3,0,0,0,0,0,0,0,0,0
143.59,736.22,0,0,0,0,0,0,0,0,0
147.62,58.361,0,0,0,0,0,0,0,0,0
147.13,119.72,0,0,0,0,0,0,0,0,0
147.31,324.45,0,0,0,0,0,0,0,0,0
148.07,104.81,0,0,0,0,0,0,0,0,0
147.97,718.79,0,0,0,0,0,0,0,0,0
149.91,878.91,0,0,0,0,0,0,0,0,0
150.17,927.74,0,0,0,0,0,0,0,0,0
151.47,109.87,0,0,0,0,0,0,0,0,0
153.09,157.22,0,0,0,0,0,0,0,0,0
153.55,165.01,0,0,0,0,0,0,0,0,0
153.52,686.49,0,0,0,0,0,0,0,0,0
155.13,931.77,0,0,0,0,0,0,0,0,0
154.95,955.86,0,0,0,0,0,0,0,0,0
155.77,43.77,0,0,0,0,0,0,0,0,0
157.43,320.89,0,0,0,0,0,0,0,0,0
160.03,118.13,0,0,0,0,0,0,0,0,0
159.89,143.21,0,0,0,0,0,0,0,0,0
160.46,452.82,0,0,0,0,0,0,0,0,0
160.47,689.95,0,0,0,0,0,0,0,0,0
162.31,463.46,0,0,0,0,0,0,0,0,0
164.16,97.739,0,0,0,0,0,0,0,0,0
163.86,123.96,0,0,0,0,0,0,0,0,0
163.04,601.39,0,0,0,0,0,0,0,0,0
165.43,536.81,0,0,0,0,0,0,0,0,0
166.95,174.11,0,0,0,0,0,0,0,0,0
166.65,341.96,0,0,0,0,0,0,0,0,0
167.08,374.66,0,0,0,0,0,0,0,0,0
167.53,458.55,0,0,0,0,0,0,0,0,0
167.72,704.3,0,0,0,0,0,0,0,0,0
167.8,1270.3,0,0,0,0,0,0,0,0,0
169.97,492.27,0,0,0,0,0,0,0,0,0
169.71,691.33,0,0,0,0,0,0,0,0,0
170.91,243.25,0,0,0,0,0,0,0,0,0
171.62,337.22,0,0,0,0,0,0,0,0,0
172.82,407.31,0,0,0,0,0,0,0,0,0
172.28,896.9,0,0,0,0,0,0,0,0,0
174.19,454.98,0,0,0,0,0,0,0,0,0
173.36,588.48,0,0,0,0,0,0,0,0,0
173.86,719.97,0,0,0,0,0,0,0,0,0
175.28,577.37,0,0,0,0,0,0,0,0,0
176.08,673.37,0,0,0,0,0,0,0,0,0
176.57,394.29,0,0,0,0,0,0,0,0,0
177.05,695.86,0,0,0,0,0,0,0,0,0
179.17,126.54,0,0,0,0,0,0,0,0,0
178.35,514.11,0,0,0,0,0,0,0,0,0
179.87,181.9,0,0,0,0,0,0,0,0,0
180.17,659.64,0,0,0,0,0,0,0,0,0
182.13,58.181,0,0,0,0,0,0,0,0,0
181.76,163.74,0,0,0,0,0,0,0,0,0
183.36,190.53,0,0,0,0,0,0,0,0,0
182.71,483.76,0,0,0,0,0,0,0,0,0
182.71,915.68,0,0,0,0,0,0,0,0,0
184.55,477.54,0,0,0,0,0,0,0,0,0
184.43,922.8,0,0,0,0,0,0,0,0,0
184.13,1265.8,0,0,0,0,0,0,0,0,0
186.1,1260.4,0,0,0,0,0,0,0,0,0
187.7,900.86,0,0,0,0,0,0,0,0,0
188.75,416.35,0,0,0,0,0,0,0,0,0
189.31,724.57,0,0,0,0,0,0,0,0,0
190.39,585.43,0,0,0,0,0,0,0,0,0
191.49,680.1,0,0,0,0,0,0,0,0,0
194.13,900.83,0,0,0,0,0,0,0,0,0
196.36,319.06,0,0,0,0,0,0,0,0,0
197.52,180.01,0,0,0,0,0,0,0,0,0
197.68,245.92,0,0,0,0,0,0,0,0,0
197.57,693.8,0,0,0,0,0,0,0,0,0
199.29,123.29,0,0,0,0,0,0,0,0,0
201.42,155.78,0,0,0,0,0,0,0,0,0
202.33,584.24,0,0,0,0,0,0,0,0,0
204.48,631.6,0,0,0,0,0,0,0,0,0
204.02,1257.2,0,0,0,0,0,0,0,0,0
206.05,73.164,0,0,0,0,0,0,0,0,0
208.02,577.25,0,0,0,0,0,0,0,0,0
208.43,635.84,0,0,0,0,0,0,0,0,0
208.4,655.27,0,0,0,0,0,0,0,0,0
210.3,155.44,0,0,0,0,0,0,0,0,0
209.72,662.25,0,0,0,0,0,0,0,0,0
210.38,747.24,0,0,0,0,0,0,0,0,0
210.11,900.58,0,0,0,0,0,0,0,0,0
210.07,1272.7,0,0,0,0,0,0,0,0,0
211.04,855.4,0,0,0,0,0,0,0,0,0
212.6,131.52,0,0,0,0,0,0,0,0,0
212.97,137.63,0,0,0,0,0,0,0,0,0
212.71,355.31,0,0,0,0,0,0,0,0,0
212.27,532.32,0,0,0,0,0,0,0,0,0
212.99,886.05,0,0,0,0,0,0,0,0,0
214.26,1246.7,0,0,0,0,0,0,0,0,0
216.4,495.01,0,0,0,0,0,0,0,0,0
216.6,576.03,0,0,0,0,0,0,0,0,0
216.77,419.09,0,0,0,0,0,0,0,0,0
219.41,471.75,0,0,0,0,0,0,0,0,0
218.57,607.82,0,0,0,0,0,0,0,0,0
220.75,130.82,0,0,0,0,0,0,0,0,0
220.63,393.22,0,0,0,0,0,0,0,0,0
220.48,462.97,0,0,0,0,0,0,0,0,0
222.61,112.6,0,0,0,0,0,0,0,0,0
222.7,136.94,0,0,0,0,0,0,0,0,0
222,423.11,0,0,0,0,0,0,0,0,0
222.63,615.27,0,0,0,0,0,0,0,0,0
223.76,221.93,0,0,0,0,0,0,0,0,0
224.09,569.77,0,0,0,0,0,0,0,0,0
223.16,601.85,0,0,0,0,0,0,0,0,0
223.08,698.62,0,0,0,0,0,0,0,0,0
224.51,235.98,0,0,0,0,0,0,0,0,0
224.92,277.12,0,0,0,0,0,0,0,0,0
225.39,432.14,0,0,0,0,0,0,0,0,0
227.99,648,0,0,0,0,0,0,0,0,0
228.11,678.13,0,0,0,0,0,0,0,0,0
228.87,86.158,0,0,0,0,0,0,0,0,0
229.8,114.29,0,0,0,0,0,0,0,0,0
231.01,563.93,0,0,0,0,0,0,0,0,0
232.05,131.61,0,0,0,0,0,0,0,0,0
233.32,107.63,0,0,0,0,0,0,0,0,0
233.29,163.11,0,0,0,0,0,0,0,0,0
233.75,356.52,0,0,0,0,0,0,0,0,0
235.73,283.6,0,0,0,0,0,0,0,0,0
235.5,579.39,0,0,0,0,0,0,0,0,0
235.44,685.52,0,0,0,0,0,0,0,0,0
238.18,446.58,0,0,0,0,0,0,0,0,0
238.98,642.28,0,0,0,0,0,0,0,0,0
240.28,109.68,0,0,0,0,0,0,0,0,0
239.86,243.9,0,0,0,0,0,0,0,0,0
240.01,434.91,0,0,0,0,0,0,0,0,0
241.48,57.082,0,0,0,0,0,0,0,0,0
241.64,341.38,0,0,0,0,0,0,0,0,0
241.13,426.94,0,0,0,0,0,0,0,0,0
241.41,517.64,0,0,0,0,0,0,0,0,0
241.93,618.74,0,0,0,0,0,0,0,0,0
243.11,103.53,0,0,0,0,0,0,0,0,0
243.59,185.73,0,0,0,0,0,0,0,0,0
242.73,237,0,0,0,0,0,0,0,0,0
242.99,415.46,0,0,0,0,0,0,0,0,0
242.95,507.89,0,0,0,0,0,0,0,0,0
244.44,89.631,0,0,0,0,0,0,0,0,0
244.55,328.68,0,0,0,0,0,0,0,0,0
244.12,405.99,0,0,0,0,0,0,0,0,0
244.59,1225.7,0,0,0,0,0,0,0,0,0
245.89,61.282,0,0,0,0,0,0,0,0,0
245.71,192.69,0,0,0,0,0,0,0,0,0
246.15,394.49,0,0,0,0,0,0,0,0,0
245.67,527.53,0,0,0,0,0,0,0,0,0
246.95,269.49,0,0,0,0,0,0,0,0,0
249.14,333.64,0,0,0,0,0,0,0,0,0
248.6,411.18,0,0,0,0,0,0,0,0,0
249.71,597.38,0,0,0,0,0,0,0,0,0
249.88,67.441,0,0,0,0,0,0,0,0,0
251,93.553,0,0,0,0,0,0,0,0,0
250.3,102.21,0,0,0,0,0,0,0,0,0
250.53,532.69,0,0,0,0,0,0,0,0,0
249.84,627.19,0,0,0,0,0,0,0,0,0
252.03,576.8,0,0,0,0,0,0,0,0,0
251.84,851.91,0,0,0,0,0,0,0,0,0
253.62,1238.2,0,0,0,0,0,0,0,0,0
255.17,173.06,0,0,0,0,0,0,0,0,0
255.54,538.69,0,0,0,0,0,0,0,0,0
256.63,124.87,0,0,0,0,0,0,0,0,0
257.96,336.47,0,0,0,0,0,0,0,0,0
258.47,648.79,0,0,0,0,0,0,0,0,0
258.07,1193.1,0,0,0,0,0,0,0,0,0
260.73,219.51,0,0,0,0,0,0,0,0,0
260.44,781.21,0,0,0,0,0,0,0,0,0
260.86,1225.3,0,0,0,0,0,0,0,0,0
262.89,67.966,0,0,0,0,0,0,0,0,0
262.05,185.64,0,0,0,0,0,0,0,0,0
262.7,592.52,0,0,0,0,0,0,0,0,0
262.91,820.22,0,0,0,0,0,0,0,0,0
263.95,73.215,0,0,0,0,0,0,0,0,0
264.23,247.94,0,0,0,0,0,0,0,0,0
264.6,364.74,0,0,0,0,0,0,0,0,0
264.09,1254.1,0,0,0,0,0,0,0,0,0
265.71,721.89,0,0,0,0,0,0,0,0,0
266.89,104.04,0,0,0,0,0,0,0,0,0
267.66,825.58,0,0,0,0,0,0,0,0,0
268.3,288.8,0,0,0,0,0,0,0,0,0
269.84,246.29,0,0,0,0,0,0,0,0,0
271.59,1269.3,0,0,0,0,0,0,0,0,0
274.99,87.632,0,0,0,0,0,0,0,0,0
275.02,283.88,0,0,0,0,0,0,0,0,0
274.59,412.76,0,0,0,0,0,0,0,0,0
274.12,776.32,0,0,0,0,0,0,0,0,0
274.53,1202,0,0,0,0,0,0,0,0,0
275.01,1263.7,0,0,0,0,0,0,0,0,0
276,566.57,0,0,0,0,0,0,0,0,0
276.59,1232.2,0,0,0,0,0,0,0,0,0
277.14,274.34,0,0,0,0,0,0,0,0,0
277.1,589.78,0,0,0,0,0,0,0,0,0
278.42,391.57,0,0,0,0,0,0,0,0,0
280.13,364.01,0,0,0,0,0,0,0,0,0
280.3,496.25,0,0,0,0,0,0,0,0,0
280.16,1190.6,0,0,0,0,0,0,0,0,0
282.74,521.74,0,0,0,0,0,0,0,0,0
281.56,699.21,0,0,0,0,0,0,0,0,0
283.85,249.54,0,0,0,0,0,0,0,0,0
283.94,391.67,0,0,0,0,0,0,0,0,0
283.45,438.79,0,0,0,0,0,0,0,0,0
283.22,605.04,0,0,0,0,0,0,0,0,0
285.14,432.48,0,0,0,0,0,0,0,0,0
284.59,536.93,0,0,0,0,0,0,0,0,0
286.74,171.35,0,0,0,0,0,0,0,0,0
286.48,346.13,0,0,0,0,0,0,0,0,0
288.1,258.59,0,0,0,0,0,0,0,0,0
287.79,387.54,0,0,0,0,0,0,0,0,0
287.92,417.46,0,0,0,0,0,0,0,0,0
288.36,1209.3,0,0,0,0,0,0,0,0,0
287.78,1262.9,0,0,0,0,0,0,0,0,0
289.88,355.15,0,0,0,0,0,0,0,0,0
289.6,439.56,0,0,0,0,0,0,0,0,0
291.72,78.613,0,0,0,0,0,0,0,0,0
292.53,316.89,0,0,0,0,0,0,0,0,0
292.8,421.96,0,0,0,0,0,0,0,0,0
294.21,63.08,0,0,0,0,0,0,0,0,0
294.39,211.46,0,0,0,0,0,0,0,0,0
294.43,359.75,0,0,0,0,0,0,0,0,0
293.92,1176.7,0,0,0,0,0,0,0,0,0
295.5,303.34,0,0,0,0,0,0,0,0,0
295.14,409.51,0,0,0,0,0,0,0,0,0
298.59,196.97,0,0,0,0,0,0,0,0,0
298.82,416.67,0,0,0,0,0,0,0,0,0
299.09,1178.3,0,0,0,0,0,0,0,0,0
299.91,212.6,0,0,0,0,0,0,0,0,0
299.94,282.76,0,0,0,0,0,0,0,0,0
300.3,1239.1,0,0,0,0,0,0,0,0,0
301.57,24.239,0,0,0,0,0,0,0,0,0
300.91,188.46,0,0,0,0,0,0,0,0,0
303.01,225.01,0,0,0,0,0,0,0,0,0
305.01,28.534,0,0,0,0,0,0,0,0,0
304.74,119.14,0,0,0,0,0,0,0,0,0
305.15,174.58,0,0,0,0,0,0,0,0,0
304.62,360.98,0,0,0,0,0,0,0,0,0
306.03,258.13,0,0,0,0,0,0,0,0,0
305.79,813.23,1,0,0,0,0,0,0,0,0
308.43,33.313,0,0,0,0,0,0,0,0,0
308.93,68.882,0,0,0,0,0,0,0,0,0
309.07,162.39,0,0,0,0,0,0,0,0,0
308.85,525.22,0,0,0,0,0,0,0,0,0
309.3,625.66,0,0,0,0,0,0,0,0,0
308.72,636.72,0,0,0,0,0,0,0,0,0
310.44,747.63,1,0,0,0,0,0,0,0,0
311.69,154.55,0,0,0,0,0,0,0,0,0
312.36,171.24,0,0,0,0,0,0,0,0,0
313.97,62.741,0,0,0,0,0,0,0,0,0
313.81,147.45,0,0,0,0,0,0,0,0,0
313.27,210.07,0,0,0,0,0,0,0,0,0
312.95,619.53,0,0,0,0,0,0,0,0,0
313.3,754.38,1,0,0,0,0,0,0,0,0
313.71,1150.7,0,0,0,0,0,0,0,0,0
315.12,162.21,0,0,0,0,0,0,0,0,0
315.19,778.64,1,0,0,0,0,0,0,0,0
315.24,802.45,1,0,0,0,0,0,0,0,0
316.23,139.75,0,0,0,0,0,0,0,0,0
317.66,20.843,0,0,0,0,0,0,0,0,0
317.94,68.921,0,0,0,0,0,0,0,0,0
317.93,120.07,0,0,0,0,0,0,0,0,0
317.8,541.21,0,0,0,0,0,0,0,0,0
317.59,750.41,1,0,0,0,0,0,0,0,0
319,40.092,0,0,0,0,0,0,0,0,0
319.08,277.13,0,0,0,0,0,0,0,0,0
319.13,526.58,0,0,0,0,0,0,0,0,0
319.61,547.47,0,0,0,0,0,0,0,0,0
321.05,60.455,0,0,0,0,0,0,0,0,0
322.42,121.82,0,0,0,0,0,0,0,0,0
323.84,771.12,1,0,0,0,0,0,0,0,0
325.06,19.197,0,0,0,0,0,0,0,0,0
325.52,753.12,1,0,0,0,0,0,0,0,0
326.85,124.03,0,0,0,0,0,0,0,0,0
327.17,195.55,0,0,0,0,0,0,0,0,0
327.97,800.48,1,0,0,0,0,0,0,0,0
328.49,805.65,1,0,0,0,0,0,0,0,0
328.34,1149.9,0,0,0,0,0,0,0,0,0
330.64,527.81,0,0,0,0,0,0,0,0,0
331.68,614.76,0,0,0,0,0,0,0,0,0
332.64,94.469,0,0,0,0,0,0,0,0,0
333.64,820.51,1,0,0,0,0,0,0,0,0
334.65,66.043,0,0,0,0,0,0,0,0,0
335.23,778.84,1,0,0,0,0,0,0,0,0
336.28,739.11,1,0,0,0,0,0,0,0,0
337.96,756.41,1,0,0,0,0,0,0,0,0
339.23,538.62,0,0,0,0,0,0,0,0,0
338.59,722.83,1,0,0,0,0,0,0,0,0
340.52,211.7,0,0,0,0,0,0,0,0,0
340.44,232.44,0,0,0,0,0,0,0,0,0
342.09,544.49,0,0,0,0,0,0,0,0,0
342.1,567.56,0,0,0,0,0,0,0,0,0
344.02,623.26,0,0,0,0,0,0,0,0,0
345.12,214.51,0,0,0,0,0,0,0,0,0
345.37,758.93,1,0,0,0,0,0,0,0,0
344.42,777.35,1,0,0,0,0,0,0,0,0
344.7,1161.3,0,0,0,0,0,0,0,0,0
347.23,34.443,0,0,0,0,0,0,0,0,0
346,889.26,1,0,0,0,0,0,0,0,0
349.16,588.38,0,0,0,0,0,0,0,0,0
350.38,62.833,0,0,0,0,0,0,0,0,0
351.25,191.99,0,0,0,0,0,0,0,0,0
351.71,237.38,0,0,0,0,0,0,0,0,0
351.41,681.97,1,0,0,0,0,0,0,0,0
351.05,693.8,1,0,0,0,0,0,0,0,0
350.27,710.13,1,0,0,0,0,0,0,0,0
352.15,69.077,0,0,0,0,0,0,0,0,0
352.63,618.23,0,0,0,0,0,0,0,0,0
351.77,663.71,1,0,0,0,0,0,0,0,0
353.37,751.16,1,0,0,0,0,0,0,0,0
354.53,773.89,1,0,0,0,0,0,0,0,0
354.54,812.84,1,0,0,0,0,0,0,0,0
356.09,779.67,1,0,0,0,0,0,0,0,0
355.08,806.61,1,0,0,0,0,0,0,0,0
355.63,928.44,0,0,0,0,0,0,0,0,0
355.57,936.4,0,0,0,0,0,0,0,0,0
357.09,130.17,0,0,0,0,0,0,0,0,0
356.33,826.91,1,0,0,0,0,0,0,0,0
358.61,619.1,0,0,0,0,0,0,0,0,0
360.63,877.22,1,0,0,0,0,0,0,0,0
361.59,541.68,0,0,0,0,0,0,0,0,0
362.61,613.72,0,0,0,0,0,0,0,0,0
363.06,685.53,1,0,0,0,0,0,0,0,0
362.49,697.59,1,0,0,0,0,0,0,0,0
362.88,1054.9,0,0,0,0,0,0,0,0,0
364.81,67.2,0,0,0,0,0,0,0,0,0
364.63,130.75,0,0,0,0,0,0,0,0,0
364.98,607.77,0,0,0,0,0,0,0,0,0
364.8,893.81,1,0,0,0,0,0,0,0,0
366.55,96.288,0,0,0,0,0,0,0,0,0
366,667.75,1,0,0,0,0,0,0,0,0
366.4,829.75,1,0,0,0,0,0,0,0,0
366.19,842.63,1,0,0,0,0,0,0,0,0
367.16,703.9,1,0,0,0,0,0,0,0,0
367.45,1058.6,0,0,0,0,0,0,0,0,0
368.46,31.151,0,0,0,0,0,0,0,0,0
368.93,236.74,0,0,0,0,0,0,0,0,0
368.94,554.8,0,0,0,0,0,0,0,0,0
368.39,653.01,1,0,0,0,0,0,0,0,0
368.97,778.45,1,0,0,0,0,0,0,0,0
371.27,16.994,0,0,0,0,0,0,0,0,0
374.19,11.302,0,0,0,0,0,0,0,0,0
373.36,517.49,0,0,0,0,0,0,0,0,0
374.19,649.08,1,0,0,0,0,0,0,0,0
373.72,700.42,1,0,0,0,0,0,0,0,0
373.83,762.23,1,0,0,0,0,0,0,0,0
373.66,771.18,1,0,0,0,0,0,0,0,0
373.9,971.4,0,0,0,0,0,0,0,0,0
373.56,1012.3,0,0,0,0,0,0,0,0,0
374.41,51.737,0,0,0,0,0,0,0,0,0
374.8,1003.8,0,0,0,0,0,0,0,0,0
376.91,118.69,0,0,0,0,0,0,0,0,0
375.86,872.41,1,0,0,0,0,0,0,0,0
376.59,931.59,0,0,0,0,0,0,0,0,0
376.84,978.33,0,0,0,0,0,0,0,0,0
377.39,689.9,1,0,0,0,0,0,0,0,0
378.21,857.07,1,0,0,0,0,0,0,0,0
377.89,1227.4,0,0,0,0,0,0,0,0,0
379.36,946.71,0,0,0,0,0,0,0,0,0
379.76,1165.3,0,0,0,0,0,0,0,0,0
381.14,462.83,0,0,0,0,0,0,0,0,0
380.47,696.45,1,0,0,0,0,0,0,0,0
381.85,236.23,0,0,0,0,0,0,0,0,0
382.8,485.24,0,0,0,0,0,0,0,0,0
381.93,551.68,0,0,0,0,0,0,0,0,0
382.11,657.23,1,0,0,0,0,0,0,0,0
382.93,813.46,1,0,0,0,0,0,0,0,0
383.45,134.61,0,0,0,0,0,0,0,0,0
383.51,139.94,0,0,0,0,0,0,0,0,0
383.95,663.35,1,0,0,0,0,0,0,0,0
383.87,703.16,1,0,0,0,0,0,0,0,0
383.63,942.08,0,0,0,0,0,0,0,0,0
385.31,652.3,1,0,0,0,0,0,0,0,0
388.25,414.71,0,0,0,0,0,0,0,0,0
388.62,445.52,0,0,0,0,0,0,0,0,0
388.8,805.83,1,0,0,0,0,0,0,0,0
391.04,400.03,0,0,0,0,0,0,0,0,0
391.66,649.7,1,0,0,0,0,0,0,0,0
392.35,658.79,1,0,0,0,0,0,0,0,0
393.17,765.31,1,0,0,0,0,0,0,0,0
395.2,139.1,0,0,0,0,0,0,0,0,0
394.15,501.05,0,0,0,0,0,0,0,0,0
394.51,534.87,0,0,0,0,0,0,0,0,0
395.27,236.03,0,0,0,0,0,0,0,0,0
395.93,370.47,0,0,0,0,0,0,0,0,0
395.68,445.06,0,0,0,0,0,0,0,0,0
395.89,613.95,0,0,0,0,0,0,0,0,0
395.57,1240.6,0,0,0,0,0,0,0,0,0
397.28,139.04,0,0,0,0,0,0,0,0,0
397.49,363.4,0,0,0,0,0,0,0,0,0
398.86,354.8,0,0,0,0,0,0,0,0,0
399.14,419.06,0,0,0,0,0,0,0,0,0
398.91,502.5,0,0,0,0,0,0,0,0,0
400.79,133.69,0,0,0,0,0,0,0,0,0
400.5,154.35,0,0,0,0,0,0,0,0,0
400.8,262.12,0,0,0,0,0,0,0,0,0
400.25,346.93,0,0,0,0,0,0,0,0,0
402.36,63.317,0,0,0,0,0,0,0,0,0
401.51,110.49,0,0,0,0,0,0,0,0,0
401.82,236.01,0,0,0,0,0,0,0,0,0
402.83,397.88,0,0,0,0,0,0,0,0,0
403.93,537.13,0,0,0,0,0,0,0,0,0
402.88,630.75,0,0,0,0,0,0,0,0,0
404.95,427.13,0,0,0,0,0,0,0,0,0
405.1,459.54,0,0,0,0,0,0,0,0,0
405,871.75,1,0,0,0,0,0,0,0,0
406.83,336.12,0,0,0,0,0,0,0,0,0
406.56,450.56,0,0,0,0,0,0,0,0,0
407.84,138.21,0,0,0,0,0,0,0,0,0
407.88,604.46,0,0,0,0,0,0,0,0,0
410.07,487.55,0,0,0,0,0,0,0,0,0
409.49,1172.7,0,0,0,0,0,0,0,0,0
411.1,289.33,0,0,0,0,0,0,0,0,0
411.03,478.52,0,0,0,0,0,0,0,0,0
410.53,622.62,0,0,0,0,0,0,0,0,0
410.63,789.83,1,0,0,0,0,0,0,0,0
411.27,1033.4,0,0,0,0,0,0,0,0,0
412.57,274.62,0,0,0,0,0,0,0,0,0
414.4,109.53,0,0,0,0,0,0,0,0,0
414.18,235.91,0,0,0,0,0,0,0,0,0
414.44,795.16,1,0,0,0,0,0,0,0,0
415.51,391.07,0,0,0,0,0,0,0,0,0
415.18,739.21,1,0,0,0,0,0,0,0,0
415.63,785.37,1,0,0,0,0,0,0,0,0
415.61,1233.3,0,0,0,0,0,0,0,0,0
417.18,250.71,0,0,0,0,0,0,0,0,0
417.03,382.98,0,0,0,0,0,0,0,0,0
416.78,1212.3,0,0,0,0,0,0,0,0,0
417.53,1239.7,0,0,0,0,0,0,0,0,0
418.9,241.91,0,0,0,0,0,0,0,0,0
418.43,373.84,0,0,0,0,0,0,0,0,0
418.39,669.95,1,0,0,0,0,0,0,0,0
419.51,25.503,0,0,0,0,0,0,0,0,0
419.82,95.754,0,0,0,0,0,0,0,0,0
420.16,153.3,0,0,0,0,0,0,0,0,0
419.9,336.25,0,0,0,0,0,0,0,0,0
420.22,362.94,0,0,0,0,0,0,0,0,0
419.85,540.05,0,0,0,0,0,0,0,0,0
420.13,1175.9,0,0,0,0,0,0,0,0,0
421.79,1192,0,0,0,0,0,0,0,0,0
421.06,1246.5,0,0,0,0,0,0,0,0,0
422.98,343.61,0,0,0,0,0,0,0,0,0
422.55,640.21,0,0,0,0,0,0,0,0,0
423.1,1211.1,0,0,0,0,0,0,0,0,0
424.2,8.7737,0,0,0,0,0,0,0,0,0
424.04,787.46,1,0,0,0,0,0,0,0,0
424.54,1204.6,0,0,0,0,0,0,0,0,0
425.66,263.81,0,0,0,0,0,0,0,0,0
426.67,671.81,1,0,0,0,0,0,0,0,0
425.49,1104.5,0,0,0,0,0,1,0,0,0
427.18,43.239,0,0,0,0,0,0,0,0,0
427.6,319.6,0,0,0,0,0,0,0,0,0
427.29,486.18,0,0,0,0,0,0,0,0,0
427.57,818.12,1,0,0,0,0,0,0,0,0
427.31,1252.9,0,0,0,0,0,0,0,0,0
428.79,33.03,0,0,0,0,0,0,0,0,0
429.16,132.18,0,0,0,0,0,0,0,0,0
429.37,541.21,0,0,0,0,0,0,0,0,0
429.44,712.42,1,0,0,0,0,0,0,0,0
430.81,238.68,0,0,0,0,0,0,0,0,0
430.62,474.67,0,0,0,0,0,0,0,0,0
430.97,666.99,1,0,0,0,0,0,0,0,0
430.04,678.11,1,0,0,0,0,0,0,0,0
430.69,1172.7,0,0,0,0,0,0,0,0,0
432.22,13.265,0,0,0,0,0,0,0,0,0
432.47,292.21,0,0,0,0,0,0,0,0,0
431.36,346.88,0,0,0,0,0,0,0,0,0
431.92,601.48,0,0,0,0,0,0,0,0,0
432.36,834.66,1,0,0,0,0,0,0,0,0
433.9,30.751,0,0,0,0,0,0,0,0,0
433.99,789.11,1,0,0,0,0,0,0,0,0
435.12,278.53,0,0,0,0,0,0,0,0,0
436.67,244.91,0,0,0,0,0,0,0,0,0
436.89,268.79,0,0,0,0,0,0,0,0,0
436.51,434.71,0,0,0,0,0,0,0,0,0
438.51,28.602,0,0,0,0,0,0,0,0,0
437.28,627.33,0,0,0,0,0,0,0,0,0
437.45,729.57,1,0,0,0,0,0,0,0,0
438.98,201.87,0,0,0,0,0,0,0,0,0
439.25,420.02,0,0,0,0,0,0,0,0,0
440.25,459.88,0,0,0,0,0,0,0,0,0
439,489.91,0,0,0,0,0,0,0,0,0
438.85,930.19,0,0,0,0,0,0,0,0,0
439.16,1084.5,0,0,0,0,0,1,0,0,0
440.18,1174.2,0,0,0,0,0,0,0,0,0
440.83,193.6,0,0,0,0,0,0,0,0,0
440.87,224.05,0,0,0,0,0,0,0,0,0
441.1,247.43,0,0,0,0,0,0,0,0,0
440.58,294.14,0,0,0,0,0,0,0,0,0
441.64,481.28,0,0,0,0,0,0,0,0,0
441.33,495.42,0,0,0,0,0,0,0,0,0
441.65,897.98,1,0,0,0,0,0,0,0,0
441.32,1039.5,0,0,0,0,0,0,0,0,0
442.25,12.418,0,0,0,0,0,0,0,0,0
442.48,240.21,0,0,0,0,0,0,0,0,0
443.82,208.09,0,0,0,0,0,0,0,0,0
443.66,501.14,0,0,0,0,0,0,0,0,0
444.48,646.3,1,0,0,0,0,0,0,0,0
443.8,777.28,1,0,0,0,0,0,0,0,0
443.7,1230.3,0,0,0,0,0,0,0,0,0
445.25,516.29,0,0,0,0,0,0,0,0,0
445.25,760.3,1,0,0,0,0,0,0,0,0
445.42,1065.3,0,0,0,0,0,1,0,0,0
445.84,1189.2,0,0,0,0,0,0,0,0,0
447.78,60.405,0,0,0,0,0,0,0,0,0
448.51,209.7,0,0,0,0,0,0,0,0,0
448.52,793.82,1,0,0,0,0,0,0,0,0
449.46,54.498,0,0,0,0,0,0,0,0,0
450.14,150.38,0,0,0,0,0,0,0,0,0
450.25,201.68,0,0,0,0,0,0,0,0,0
450.54,422.61,0,0,0,0,0,0,0,0,0
449.79,925.48,0,0,0,0,0,0,0,0,0
450.38,931.41,0,0,0,0,0,0,0,0,0
451.22,243.11,0,0,0,0,0,0,0,0,0
451.58,469.53,0,0,0,0,0,0,0,0,0
452.1,1039.3,0,0,0,0,0,0,0,0,0
452.65,1078.9,0,0,0,0,0,1,0,0,0
452.87,1108.4,0,0,0,0,0,1,0,0,0
455.09,805.97,1,0,0,0,0,0,0,0,0
453.76,1045.6,0,0,0,0,0,0,0,0,0
454.93,1187.9,0,0,0,0,0,0,0,0,0
456.12,520.16,0,0,0,0,0,0,0,0,0
455.29,697.93,1,0,0,0,0,0,0,0,0
455.77,733.82,1,0,0,0,0,0,0,0,0
456.13,795.55,1,0,0,0,0,0,0,0,0
458.17,443.94,0,0,0,0,0,0,0,0,0
457.75,464.52,0,0,0,0,0,0,0,0,0
458.08,1112,0,0,0,0,0,1,0,0,0
459.46,525.31,0,0,0,0,0,0,0,0,0
458.84,781.6,1,0,0,0,0,0,0,0,0
458.99,1261.2,0,0,0,0,0,0,0,0,0
460.22,818.67,1,0,0,0,0,0,0,0,0
460.21,1249.6,0,0,0,0,0,0,0,0,0
462.37,22.928,0,0,0,0,0,0,0,0,0
462.11,33.816,0,0,0,0,0,0,0,0,0
462.54,107.98,0,0,0,0,0,0,0,0,0
461.74,386.46,0,0,0,0,0,0,0,0,0
462.09,1235.6,0,0,0,0,0,0,0,0,0
461.62,1255.9,0,0,0,0,0,0,0,0,0
464.2,94.236,0,0,0,0,0,0,0,0,0
463.47,100.92,0,0,0,0,0,0,0,0,0
463.13,562.42,0,0,0,0,0,0,0,0,0
462.78,808.04,1,0,0,0,0,0,0,0,0
463.77,903.36,0,0,0,0,0,0,0,0,0
463.09,1069,0,0,0,0,0,1,0,0,0
465.23,45.954,0,0,0,0,0,0,0,0,0
464.78,686.04,1,0,0,0,0,0,0,0,0
466.78,329.05,0,0,0,0,0,0,0,0,0
467.15,820.27,1,0,0,0,0,0,0,0,0
467.71,167.71,0,0,0,0,0,0,0,0,0
468.73,391.87,0,0,0,0,0,0,0,0,0
468.4,482.8,0,0,0,0,0,0,0,0,0
467.45,621,0,0,0,0,0,0,0,0,0
468.08,1191.5,0,0,0,0,0,0,0,0,0
468.97,1042,0,0,0,0,0,0,0,0,0
469.37,1072.2,0,0,0,0,0,1,0,0,0
469.47,1094.8,0,0,0,0,0,1,0,0,0
469.36,1180.7,0,0,0,0,0,0,0,0,0
471.38,807.23,1,0,0,0,0,0,0,0,0
471.54,889.37,1,0,0,0,0,0,0,0,0
471.4,1087.3,0,0,0,0,0,1,0,0,0
472.49,220.31,0,0,0,0,0,0,0,0,0
472.56,329.02,0,0,0,0,0,0,0,0,0
472.12,450.41,0,0,0,0,0,0,0,0,0
472.32,1185.4,0,0,0,0,0,0,0,0,0
473.23,1215.3,0,0,0,0,0,0,0,0,0
474.41,10.679,0,0,0,0,0,0,0,0,0
473.28,22.607,0,0,0,0,0,0,0,0,0
474.53,466.46,0,0,0,0,0,0,0,0,0
473.68,619.13,0,0,0,0,0,0,0,0,0
475.15,241.81,0,0,0,0,0,0,0,0,0
476.22,488.63,0,0,0,0,0,0,0,0,0
474.89,683.92,1,0,0,0,0,0,0,0,0
476.72,517.71,0,0,0,0,0,0,0,0,0
476.58,643.13,0,0,0,0,0,0,0,0,0
476.57,673.71,1,0,0,0,0,0,0,0,0
476.51,697.45,1,0,0,0,0,0,0,0,0
476.49,1041,0,0,0,0,0,0,0,0,0
478.99,329.45,0,0,0,0,0,0,0,0,0
478.54,880.89,1,0,0,0,0,0,0,0,0
479.52,739.41,1,0,0,0,0,0,0,0,0
479.95,998.87,0,0,0,0,0,0,0,0,0
480.89,1045.5,0,0,0,0,0,0,0,0,0
482.98,37.899,0,0,0,0,0,0,0,0,0
483.22,165.69,0,0,0,0,0,0,0,0,0
482.27,768.63,1,0,0,0,0,0,0,0,0
483.41,898.35,1,0,0,0,0,0,0,0,0
483.12,1193.6,0,0,0,0,0,0,0,0,0
484.23,394.63,0,0,0,0,0,0,0,0,0
484.85,499.69,0,0,0,0,0,0,0,0,0
484.14,813.38,1,0,0,0,0,0,0,0,0
486.01,319.36,0,0,0,0,0,0,0,0,0
485.35,375.25,0,0,0,0,0,0,0,0,0
486.29,680.7,1,0,0,0,0,0,0,0,0
485.76,804.28,1,0,0,0,0,0,0,0,0
486.1,887.08,1,0,0,0,0,0,0,0,0
487.05,961.46,0,0,0,0,0,0,0,0,0
488.87,496.57,0,0,0,0,0,0,0,0,0
488.33,629.99,0,0,0,0,0,0,0,0,0
488.83,872.54,1,0,0,0,0,0,0,0,0
490.22,261.34,0,0,0,0,0,0,0,0,0
490.31,566.91,0,0,0,0,0,0,0,0,0
492.15,231,0,0,0,0,0,0,0,0,0
491.87,637.31,0,0,0,0,0,0,0,0,0
491.82,883.66,1,0,0,0,0,0,0,0,0
491.3,952.95,0,0,0,0,0,0,0,0,0
493.8,107.82,0,0,0,0,0,0,0,0,0
493.11,514.92,0,0,0,0,0,0,0,0,0
494.09,535.02,0,0,0,0,0,0,0,0,0
493.22,850.81,1,0,0,0,0,0,0,0,0
495.29,324.79,0,0,0,0,0,0,0,0,0
494.63,336.93,0,0,0,0,0,0,0,0,0
494.51,399.35,0,0,0,0,0,0,0,0,0
494.85,723.26,1,0,0,0,0,0,0,0,0
497.16,166.49,0,0,0,0,0,0,0,0,0
496.31,451.46,0,0,0,0,0,0,0,0,0
497.45,521.52,0,0,0,0,0,0,0,0,0
497.63,688.76,1,0,0,0,0,0,0,0,0
497.71,742.85,1,0,0,0,0,0,0,0,0
497.58,954.02,0,0,0,0,0,0,0,0,0
498.37,976.51,0,0,0,0,0,0,0,0,0
499.73,230.85,0,0,0,0,0,0,0,0,0
499.75,1055.6,0,0,0,0,0,0,0,0,0
501.36,697.93,1,0,0,0,0,0,0,0,0
500.58,944.05,0,0,0,0,0,0,0,0,0
500.78,967.82,0,0,0,0,0,0,0,0,0
502.66,20.439,0,0,0,0,0,0,0,0,0
502.42,639.69,0,0,0,0,0,0,0,0,0
502.14,703.71,1,0,0,0,0,0,0,0,0
505.38,157.45,0,0,0,0,0,0,0,0,0
505.54,457.44,0,0,0,0,0,0,0,0,0
505.23,531.41,0,0,0,0,0,0,0,0,0
505.35,721.81,1,0,0,0,0,0,0,0,0
505.67,1086,0,0,0,0,0,1,0,0,0
507.01,108.07,0,0,0,0,0,0,0,0,0
507.48,178.72,0,0,0,0,0,0,0,0,0
507.04,558.08,0,0,0,0,0,0,0,0,0
506.61,928.2,0,0,0,0,0,0,0,0,0
508.3,437.3,0,0,0,0,0,0,0,0,0
509.62,385.71,0,0,0,0,0,0,0,0,0
510.18,1093.8,0,0,0,0,0,1,0,0,0
509.77,1099.4,0,0,0,0,0,1,0,0,0
511.86,45.117,0,0,0,0,0,0,0,0,0
511.25,250.63,0,0,0,0,0,0,0,0,0
511.33,391.69,0,0,0,0,0,0,0,0,0
511.58,780.83,1,0,0,0,0,0,0,0,0
514.43,176.86,0,0,0,0,0,0,0,0,0
514.18,735.36,1,0,0,0,0,0,0,0,0
516.3,219.88,0,0,0,0,0,0,0,0,0
516.57,448.6,0,0,0,0,0,0,0,0,0
516.23,559.33,0,0,0,0,0,0,0,0,0
516.44,565.78,0,0,0,0,0,0,0,0,0
518,59.613,0,0,0,0,0,0,0,0,0
517.94,571.46,0,0,0,0,0,0,0,0,0
516.79,1088.9,0,0,0,0,0,1,0,0,0
518.38,170.89,0,0,0,0,0,0,0,0,0
520.66,25.378,0,0,0,0,0,0,0,0,0
521.15,175.65,0,0,0,0,0,0,0,0,0
520.99,391.31,0,0,0,0,0,0,0,0,0
520.35,1119.5,0,0,0,0,0,1,0,0,0
521.79,694.26,1,0,0,0,0,0,0,0,0
521.87,1098.2,0,0,0,0,0,1,0,0,0
523.66,713.99,1,0,0,0,0,0,0,0,0
526.01,449.08,0,0,0,0,0,0,0,0,0
526.75,483.1,0,0,0,0,0,0,0,0,0
527.11,573,0,0,0,0,0,0,0,0,0
527.85,1113.3,0,0,0,0,0,1,0,0,0
528.34,1121.5,0,0,0,0,0,1,0,0,0
529.67,471.01,0,0,0,0,0,0,0,0,0
529.95,1085.9,0,0,0,0,0,1,0,0,0
529.47,1091.8,0,0,0,0,0,1,0,0,0
530.9,438,0,0,0,0,0,0,0,0,0
532.22,109.17,0,0,0,0,0,0,0,0,0
532.93,507.41,0,0,0,0,0,0,0,0,0
532.52,542.53,0,0,0,0,0,0,0,0,0
532.66,659.36,1,0,0,0,0,0,0,0,0
533.46,289.66,0,0,0,0,0,0,0,0,0
535.87,1094.8,0,0,0,0,0,1,0,0,0
537.67,19.426,0,0,0,0,0,0,0,0,0
538.75,267.58,0,0,0,0,0,0,0,0,0
538.64,466.17,0,0,0,0,0,0,0,0,0
538.25,790.58,1,0,0,0,0,0,0,0,0
538.72,1122,0,0,0,0,0,1,0,0,0
540.08,456.2,0,0,0,0,0,0,0,0,0
542.13,109.61,0,0,0,0,0,0,0,0,0
541.94,928.18,0,0,0,0,0,0,0,0,0
540.77,1110.6,0,0,0,0,0,1,0,0,0
542.95,25.611,0,0,0,0,0,0,0,0,0
543.65,37.461,0,0,0,0,0,0,0,0,0
542.75,238.35,0,0,0,0,0,0,0,0,0
542.87,417.21,0,0,0,0,0,0,0,0,0
543.23,885.84,1,0,0,0,0,0,0,0,0
543.86,32.127,0,0,0,0,0,0,0,0,0
544.93,873.31,1,0,0,0,0,0,0,0,0
546.49,423.54,0,0,0,0,0,0,0,0,0
546.4,496.21,0,0,0,0,0,0,0,0,0
546.42,1201.7,0,0,0,0,0,0,0,0,0
547.01,16.969,0,0,0,0,0,0,0,0,0
548.21,164.8,0,0,0,0,0,0,0,0,0
547.42,306.27,0,0,0,0,0,0,0,0,0
547.99,403.82,0,0,0,0,0,0,0,0,0
548.07,482.54,0,0,0,0,0,0,0,0,0
547.51,857.87,1,0,0,0,0,0,0,0,0
547.78,901.53,0,0,0,0,0,0,0,0,0
548.56,252.97,0,0,0,0,0,0,0,0,0
549.3,447.39,0,0,0,0,0,0,0,0,0
548.68,627.36,0,0,0,0,0,0,0,0,0
548.57,665.78,1,0,0,0,0,0,0,0,0
551.11,1207.4,0,0,0,0,0,0,0,0,0
551.62,110.47,0,0,0,0,0,0,0,0,0
551.38,240.21,0,0,0,0,0,0,0,0,0
552.47,421.61,0,0,0,0,0,0,0,0,0
552.25,882.66,1,0,0,0,0,0,0,0,0
551.53,1198.3,0,0,0,0,0,0,0,0,0
553.88,89.885,0,0,0,0,0,0,0,0,0
554.08,336.11,0,0,0,0,0,0,0,0,0
553.22,369.14,0,0,0,0,0,0,0,0,0
553.73,823.23,1,0,0,0,0,0,0,0,0
553.66,853.47,1,0,0,0,0,0,0,0,0
553.86,1183.8,0,0,0,0,0,0,0,0,0
555.01,503.94,0,0,0,0,0,0,0,0,0
554.96,538.62,0,0,0,0,0,0,0,0,0
554.49,685.42,1,0,0,0,0,0,0,0,0
554.44,716.27,1,0,0,0,0,0,0,0,0
554.87,922.57,0,0,0,0,0,0,0,0,0
555.98,135.12,0,0,0,0,0,0,0,0,0
556.47,342.2,0,0,0,0,0,0,0,0,0
556.88,1212.5,0,0,0,0,0,0,0,0,0
558.19,275.79,0,0,0,0,0,0,0,0,0
557.92,331.28,0,0,0,0,0,0,0,0,0
557.61,649.33,1,0,0,0,0,0,0,0,0
559.18,578.82,0,0,0,0,0,0,0,0,0
560.18,654.47,1,0,0,0,0,0,0,0,0
560.1,1185.8,0,0,0,0,0,0,0,0,0
561.16,303.36,0,0,0,0,0,0,0,0,0
560.53,1194.6,0,0,0,0,0,0,0,0,0
563.07,111.17,0,0,0,0,0,0,0,0,0
563.1,482.21,0,0,0,0,0,0,0,0,0
563.17,874.18,1,0,0,0,0,0,0,0,0
562.68,1146.2,0,0,0,0,0,0,0,0,0
562.65,1216.6,0,0,0,0,0,0,0,0,0
561.91,1245.5,0,0,0,0,0,0,0,0,0
564.28,272.17,0,0,0,0,0,0,0,0,0
564.66,834.42,1,0,0,0,0,0,0,0,0
564.01,1121.8,0,0,0,0,0,0,0,0,0
564.05,1200.3,0,0,0,0,0,0,0,0,0
566.05,729.56,1,0,0,0,0,0,0,0,0
567.58,432.71,0,0,0,0,0,0,0,0,0
566.91,677.95,1,0,0,0,0,0,0,0,0
567.24,692.09,1,0,0,0,0,0,0,0,0
567.17,741.09,1,0,0,0,0,0,0,0,0
567.1,1108.8,0,0,0,0,0,0,0,0,0
566.58,1159.1,0,0,0,0,0,0,0,0,0
567.7,1190.1,0,0,0,0,0,0,0,0,0
567.26,1242.1,0,0,0,0,0,0,0,0,0
568.55,281.48,0,0,0,0,0,0,0,0,0
568.47,522.21,0,0,0,0,0,0,0,0,0
570,17.821,0,0,0,0,0,0,0,0,0
570.07,85.646,0,0,0,0,0,0,0,0,0
570.16,253.67,0,0,0,0,0,0,0,0,0
570.58,717.16,1,0,0,0,0,0,0,0,0
570.71,724.09,1,0,0,0,0,0,0,0,0
569.73,1179,0,0,0,0,0,0,0,0,0
571.43,136.12,0,0,0,0,0,0,0,0,0
571.21,865.7,1,0,0,0,0,0,0,0,0
571.22,1161.1,0,0,0,0,0,0,0,0,0
570.99,1224.4,0,0,0,0,0,0,0,0,0
573.6,490.88,0,0,0,0,0,0,0,0,0
573.46,663.76,1,0,0,0,0,0,0,0,0
572.67,910.57,0,0,0,0,0,0,0,0,0
574.51,202.61,0,0,0,0,0,0,0,0,0
574.21,368.98,0,0,0,0,0,0,0,0,0
574.65,449.03,0,0,0,0,0,0,0,0,0
574.46,478.11,0,0,0,0,0,0,0,0,0
573.8,657.2,1,0,0,0,0,0,0,0,0
574.78,844.47,1,0,0,0,0,0,0,0,0
574.76,870.57,1,0,0,0,0,0,0,0,0
576.14,89.766,0,0,0,0,0,0,0,0,0
575.69,193.23,0,0,0,0,0,0,0,0,0
575.48,251.2,0,0,0,0,0,0,0,0,0
576.46,652.33,1,0,0,0,0,0,0,0,0
576.32,883.71,1,0,0,0,0,0,0,0,0
577.35,218.36,0,0,0,0,0,0,0,0,0
577.13,698.75,1,0,0,0,0,0,0,0,0
580.28,112.43,0,0,0,0,0,0,0,0,0
580.05,160.75,0,0,0,0,0,0,0,0,0
580.48,255.93,0,0,0,0,0,0,0,0,0
581.01,551.54,0,0,0,0,0,0,0,0,0
582.54,227.07,0,0,0,0,0,0,0,0,0
582.17,1086.2,0,0,0,0,0,0,0,0,0
583.54,296.28,0,0,0,0,0,0,0,0,0
583.92,335.45,0,0,0,0,0,0,0,0,0
583.21,505.48,0,0,0,0,0,0,0,0,0
583.69,536.98,0,0,0,0,0,0,0,0,0
583.05,1182.8,0,0,0,0,0,0,0,0,0
585.65,205.52,0,0,0,0,0,0,0,0,0
585.4,443.54,0,0,0,0,0,0,0,0,0
585.61,816.17,1,0,0,0,0,0,0,0,0
585.06,835.67,1,0,0,0,0,0,0,0,0
584.44,878.77,1,0,0,0,0,0,0,0,0
586.77,73.67,0,1,0,0,0,0,0,0,0
586.71,193.33,0,0,0,0,0,0,0,0,0
585.92,806.32,1,0,0,0,0,0,0,0,0
586.71,885.34,1,0,0,0,0,0,0,0,0
586.62,1206.3,0,0,0,0,0,0,0,0,0
588.18,377.45,0,0,0,0,0,0,0,0,0
589.5,451.01,0,0,0,0,0,0,0,0,0
590.02,648.97,1,0,0,0,0,0,0,0,0
589.48,675.75,1,0,0,0,0,0,0,0,0
590.19,811.15,1,0,0,0,1,0,0,0,0
589.26,840.83,1,0,0,0,1,0,0,0,0
589.59,1117.7,0,0,0,0,1,0,0,0,0
590.07,1139.8,0,0,0,0,1,0,0,0,0
590.05,1170.7,0,0,0,0,1,0,0,0,0
590.16,1233.2,0,0,0,0,1,0,0,0,0
590.56,397.27,0,0,0,0,0,0,0,0,0
592.67,456.21,0,0,0,0,0,0,0,0,0
592.95,869.62,1,0,0,0,1,0,0,0,0
592.38,1070.8,0,0,0,0,1,0,0,0,0
592.43,1204.7,0,0,0,0,1,0,0,0,0
594.34,278.61,0,0,0,0,0,0,0,0,0
593.63,426.12,0,0,0,0,0,0,0,0,0
593.7,655.23,1,0,0,0,0,0,0,0,0
593.75,944.75,0,0,0,0,1,0,0,0,0
593.97,1093.4,0,0,0,0,1,0,0,0,0
593.29,1268.5,0,0,0,0,1,0,0,0,0
595.39,461.99,0,0,0,0,0,0,0,0,0
595.11,696.19,1,0,0,0,0,0,0,0,0
595.16,874.71,1,0,0,0,1,0,0,0,0
595.05,880.4,1,0,0,0,1,0,0,0,0
595.25,1120,0,0,0,0,1,0,0,0,0
595.76,1139,0,0,0,0,1,0,0,0,0
597.23,415.22,0,0,0,0,0,0,0,0,0
596.59,1075.5,0,0,0,0,1,0,0,0,0
597.27,1199.3,0,0,0,0,1,0,0,0,0
598.25,215.7,0,0,0,0,0,0,0,0,0
598.89,351.1,0,0,0,0,0,0,0,0,0
599.06,720.3,1,0,0,0,1,0,0,0,0
599.1,760.85,1,0,0,0,1,0,0,0,0
598.01,797.75,1,0,0,0,1,0,0,0,0
598.48,1084.5,0,0,0,0,1,0,0,0,0
599.81,141.34,0,0,0,0,0,0,0,0,0
600.16,150.6,0,0,0,0,0,0,0,0,0
599.97,843.48,1,0,0,0,1,0,0,0,0
601.04,190.74,0,0,0,0,0,0,0,0,0
601.35,442.9,0,0,0,0,0,0,0,0,0
601.78,871.81,1,0,0,0,1,0,0,0,0
601.72,915.24,0,0,0,0,1,0,0,0,0
603.17,370.38,0,0,0,0,0,0,0,0,0
603.3,430.37,0,0,0,0,0,0,0,0,0
602.96,500.7,0,0,0,0,0,0,0,0,0
603.71,508.19,0,0,0,0,0,0,0,0,0
603.65,586.27,0,0,0,0,0,0,0,0,0
602.59,1090.1,0,0,0,0,1,0,0,0,0
604.32,165.21,0,0,0,0,0,0,0,0,0
605.46,745.45,1,0,0,0,1,0,0,0,0
606.99,688.55,1,0,0,0,0,0,0,0,0
609.4,649.99,1,0,0,0,0,0,0,0,0
608.81,738.96,1,0,0,0,1,0,0,0,0
608.64,840,1,0,0,0,1,0,0,0,0
609.03,1046.9,0,0,0,0,1,0,0,0,0
610.83,676.22,1,0,0,0,0,0,0,0,0
610.44,1134,0,0,0,0,1,0,0,0,0
611.05,1173.9,0,0,0,0,1,0,0,0,0
610.84,1252.5,0,0,0,0,1,0,0,0,0
611.96,10.227,0,0,0,0,0,0,0,0,0
611.36,15.195,0,0,0,0,0,0,0,0,0
611.52,165.31,0,0,0,0,0,0,0,0,0
612.23,490.2,0,0,0,0,0,0,0,0,0
611.33,815.81,1,0,0,0,1,0,0,0,0
612.34,1263.3,0,0,0,0,1,0,0,0,0
613.57,338.97,0,0,0,0,0,0,0,0,0
613.1,1113.8,0,0,0,0,1,0,0,0,0
615.31,66.101,0,1,0,0,0,0,0,0,0
614.77,94.946,0,1,0,0,0,0,0,0,0
615.19,531.2,0,0,0,0,0,0,0,0,0
614.86,671.76,1,0,0,0,0,0,0,0,0
617.17,71.595,0,1,0,0,0,0,0,0,0
616.59,520.6,0,0,0,0,0,0,0,0,0
616.91,685.15,1,0,0,0,0,0,0,0,0
616.98,735.88,1,0,0,0,1,0,0,0,0
616.61,1085.5,0,0,0,0,1,0,0,0,0
617.53,106.82,0,1,0,0,0,0,0,0,0
618.37,150.84,0,0,0,0,0,0,0,0,0
618.7,412.72,0,0,0,0,0,0,0,0,0
617.67,485.87,0,0,0,0,0,0,0,0,0
617.73,664.3,1,0,0,0,0,0,0,0,0
618.41,1117.3,0,0,0,0,1,0,0,0,0
620.22,556.33,0,0,0,0,0,0,0,0,0
619.48,769.41,1,0,0,0,1,0,0,0,0
619.25,793.4,1,0,0,0,1,0,0,0,0
620.19,1124.7,0,0,0,0,1,0,0,0,0
619.31,1239.6,0,0,0,0,1,0,0,0,0
620.75,102.14,0,1,0,0,0,0,0,0,0
620.87,138.06,0,0,0,0,0,0,0,0,0
621.64,166.44,0,0,0,0,0,0,0,0,0
620.69,464.89,0,0,0,0,0,0,0,0,0
620.85,904.95,0,0,0,0,1,0,0,0,0
620.78,1223.7,0,0,0,0,1,0,0,0,0
622.06,270.48,0,0,0,0,0,0,0,0,0
621.99,340.46,0,0,0,0,0,0,0,0,0
622.37,429.4,0,0,0,0,0,0,0,0,0
623.06,634.54,0,0,0,0,0,0,0,0,0
622.21,652.09,1,0,0,0,0,0,0,0,0
623.17,1086.6,0,0,0,0,1,0,0,0,0
624.15,256.73,0,0,0,0,0,0,0,0,0
623.44,418.82,0,0,0,0,0,0,0,0,0
623.54,669.19,1,0,0,0,0,0,0,0,0
624.41,912.31,0,0,0,0,1,0,0,0,0
624.01,1098.1,0,0,0,0,1,0,0,0,0
625.74,407.75,0,0,0,0,0,0,0,0,0
625.83,573.27,0,0,0,0,0,0,0,0,0
625.48,790.48,1,0,0,0,1,0,0,0,0
625.65,800.42,1,0,0,0,1,0,0,0,0
625.1,834.24,1,0,0,0,1,0,0,0,0
625.37,961.47,0,0,0,0,1,0,0,0,0
625.1,1022.6,0,0,0,0,1,0,0,0,0
624.99,1069.1,0,0,0,0,1,0,0,0,0
626.52,246.53,0,0,0,0,0,0,0,0,0
626.32,934.16,0,0,0,0,1,0,0,0,0
627.37,977.39,0,0,0,0,1,0,0,0,0
627.43,1044,0,0,0,0,1,0,0,0,0
627.17,1090.4,0,0,0,0,1,0,0,0,0
627.68,1255.1,0,0,0,0,1,0,0,0,0
628.31,365.95,0,0,0,0,0,0,0,0,0
628.37,379.34,0,0,0,0,0,0,0,0,0
628.14,425.52,0,0,0,0,0,0,0,0,0
628.45,578.88,0,0,0,0,0,0,0,0,0
628.81,1028,0,0,0,0,1,0,0,0,0
628.87,1062,0,0,0,0,1,0,0,0,0
627.98,1074.3,0,0,0,0,1,0,0,0,0
630.34,270.94,0,0,0,0,0,0,0,0,0
630.07,324.4,0,0,0,0,0,0,0,0,0
629.91,443.8,0,0,0,0,0,0,0,0,0
630.5,680.66,1,0,0,0,0,0,0,0,0
629.4,844.85,1,0,0,0,1,0,0,0,0
630.28,875.32,1,0,0,0,1,0,0,0,0
629.79,989.57,0,0,0,0,1,0,0,0,0
631.29,72.318,0,0,0,0,0,0,0,0,0
631.3,144.74,0,0,0,0,0,0,0,0,0
631.85,313.35,0,0,0,0,0,0,0,0,0
631.22,636.15,0,0,0,0,0,0,0,0,0
631.26,661.34,1,0,0,0,0,0,0,0,0
633.4,30.117,0,0,0,0,0,0,0,0,0
633.02,125.77,0,0,0,0,0,0,0,0,0
632.77,276.43,0,0,0,0,0,0,0,0,0
633.05,420.16,0,0,0,0,0,0,0,0,0
632.51,456.17,0,0,0,0,0,0,0,0,0
633.6,825,1,0,0,0,1,0,0,0,0
633.15,851.32,1,0,0,0,1,0,0,0,0
633.13,906.28,0,0,0,0,1,0,0,0,0
634.07,743.69,1,0,0,0,1,0,0,0,0
636.1,369.15,0,0,0,0,0,0,0,0,0
636.46,433.97,0,0,0,0,0,0,0,0,0
636.56,580.46,0,0,0,0,0,0,0,0,0
635.54,1117.1,0,0,0,0,1,0,0,0,0
638.04,424.3,0,0,0,0,0,0,0,0,0
637.19,592.67,0,0,0,0,0,0,0,0,0
638.01,1038.2,0,0,0,0,1,0,0,0,0
637.94,1063.5,0,0,0,0,1,0,0,0,0
637,1097.5,0,0,0,0,1,0,0,0,0
636.87,1108,0,0,0,0,1,0,0,0,0
637.08,1202.5,0,0,0,0,1,0,0,0,0
640.31,314.98,0,0,0,0,0,0,0,0,0
640.23,637.69,0,0,0,0,0,0,0,0,0
641.16,671.8,0,0,0,0,0,0,0,0,0
640,735.18,1,0,0,0,1,0,0,0,0
640.8,905.07,0,0,0,0,1,0,0,0,0
640.94,1078.3,0,0,0,0,1,0,0,0,0
642.09,1100.6,0,0,0,0,1,0,0,0,0
641.53,1117.9,0,0,0,0,1,0,0,0,0
644.21,9.8606,0,0,0,0,0,0,0,0,0
643.48,186.71,0,0,0,0,0,0,0,0,0
643.27,750,0,0,0,0,1,0,0,0,0
643.68,889.21,0,0,0,0,1,0,0,0,0
643.39,1137.2,0,0,0,0,1,0,0,0,0
645.25,280.82,0,0,0,0,0,0,0,0,0
645.52,419.68,0,0,0,0,0,0,0,0,0
644.6,682.63,0,0,0,0,0,0,0,0,0
645.15,955.61,0,0,0,0,1,0,0,0,0
646.4,594.36,0,0,0,0,0,0,0,0,0
646.05,924.32,0,0,0,0,1,0,0,0,0
646.02,1027.3,0,0,0,0,1,0,0,0,0
647.69,327.28,0,0,0,0,0,0,0,0,0
647.41,409.7,0,0,0,0,0,0,0,0,0
647.71,1158.9,0,0,0,0,1,0,0,0,0
649.36,190.54,0,0,0,0,0,0,0,0,0
649.51,1263,0,0,0,0,1,0,0,0,0
650.36,1053.9,0,0,0,0,1,0,0,0,0
652.42,65.892,0,0,0,0,0,0,0,0,0
652.65,89.611,0,0,0,0,0,0,0,0,0
653.22,280.63,0,0,0,0,0,0,0,0,0
651.84,982.98,0,0,0,0,1,0,0,0,0
652.5,1161.5,0,0,0,0,1,0,0,0,0
654.12,263.91,0,0,0,0,0,0,0,0,0
654.18,317.56,0,0,0,0,0,0,0,0,0
653.48,902.14,0,0,0,0,1,0,0,0,0
656.78,173.56,0,0,0,0,0,0,0,0,0
658.63,86.022,0,0,0,0,0,0,0,0,0
658.24,831.45,0,0,0,0,1,0,0,0,0
659.09,957.64,0,0,0,0,1,0,0,0,0
658.78,1145.1,0,0,0,0,1,0,0,0,0
661.04,265.75,0,0,0,0,0,0,0,0,0
661.55,836.92,0,0,0,0,1,0,0,0,0
661.05,880.78,0,0,0,0,1,0,0,0,0
661.72,887.29,0,0,0,0,1,0,0,0,0
662.12,928.77,0,0,0,0,1,0,0,0,0
661.65,1169.8,0,0,0,0,1,0,0,0,0
663.32,81.504,0,0,0,0,0,0,0,0,0
663.38,208.25,0,0,0,0,0,0,0,0,0
662.41,330.59,0,0,0,0,0,0,0,0,0
663.09,662.2,0,0,0,0,0,0,0,0,0
663.34,781.22,0,0,0,0,1,0,0,0,0
663.55,1150.5,0,0,0,0,1,0,0,0,0
664.69,13.35,0,0,0,0,0,0,0,0,0
664.19,943.12,0,0,0,0,1,0,0,0,0
665.89,802.85,0,0,0,0,1,0,0,0,0
667.17,214.73,0,0,0,0,0,0,0,0,0
667.37,947.28,0,0,0,0,1,0,0,0,0
669.48,1083.7,0,0,0,0,1,0,0,0,0
668.36,1155.7,0,0,0,0,1,0,0,0,0
670.47,94.131,0,0,0,0,0,0,0,0,0
670.46,741.43,0,0,0,0,1,0,0,0,0
670.52,841.26,0,0,0,0,1,0,0,0,0
670.96,1121.9,0,0,0,0,1,0,0,0,0
671.89,1133.8,0,0,0,0,1,0,0,0,0
672.81,675.55,0,0,0,0,0,0,0,0,0
673.66,816.07,0,0,0,0,1,0,0,0,0
674.35,108.06,0,0,0,0,0,0,0,0,0
675.1,737.95,0,0,0,0,1,0,0,0,0
674.46,926.48,0,0,0,0,1,0,0,0,0
676.38,901.47,0,0,0,0,1,0,0,0,0
678.49,322.19,0,0,0,0,0,0,0,0,0
677.38,327.17,0,0,0,0,0,0,0,0,0
677.41,696.06,0,0,0,0,0,0,0,0,0
678.64,776.07,0,0,0,0,1,0,0,0,0
679.27,77.971,0,0,0,0,0,0,0,0,0
679.55,254.69,0,0,0,0,0,0,0,0,0
679.15,893.74,0,0,0,0,1,0,0,0,0
679.7,1112.8,0,0,0,0,1,0,0,0,0
679.83,1143.8,0,0,0,0,1,0,0,0,0
679.14,1167.5,0,0,0,0,1,0,0,0,0
680.56,817.42,0,0,0,0,1,0,0,0,0
680.79,905.02,0,0,0,0,1,0,0,0,0
682.28,333.98,0,0,0,0,0,0,0,0,0
682.68,601.43,0,0,0,0,0,0,0,0,0
682.2,780.43,0,0,0,0,1,0,0,0,0
682.57,800.57,0,0,0,0,1,0,0,0,0
684.2,939.45,0,0,0,0,1,0,0,0,0
685.89,91.126,0,0,0,0,0,0,0,0,0
685.16,116.1,0,0,0,0,0,0,0,0,0
686.3,161.93,0,0,0,0,0,0,0,0,0
687.73,1098.3,0,0,0,0,1,0,0,0,0
686.44,1110.8,0,0,0,0,1,0,0,0,0
686.99,1135.5,0,0,0,0,1,0,0,0,0
688.46,262.65,0,0,0,0,0,0,0,0,0
687.75,1007.4,0,0,0,0,1,0,0,0,0
689.52,166.37,0,0,0,0,0,0,0,0,0
689.79,814.15,0,0,0,0,1,0,0,0,0
689.63,875.27,0,0,0,0,1,0,0,0,0
689.96,898.68,0,0,0,0,1,0,0,0,0
691.38,80.367,0,0,0,0,0,0,0,0,0
691.65,269.06,0,0,0,0,0,0,0,0,0
691.71,802.7,0,0,0,0,1,0,0,0,0
691.53,886.18,0,0,0,0,1,0,0,0,0
693.5,126.03,0,0,0,0,0,0,0,0,0
694.38,984.14,0,0,0,0,1,0,0,0,0
694.59,1101.6,0,0,0,0,1,0,0,0,0
695.03,1162.4,0,0,0,0,1,0,0,0,0
696.5,223.28,0,0,0,0,0,0,0,0,0
695.68,581.42,0,0,0,0,0,0,0,0,0
695.68,816.02,0,0,0,0,1,0,0,0,0
696.4,823.51,0,0,0,0,1,0,0,0,0
696.22,1059.9,0,0,0,0,1,0,0,0,0
695.62,1113.2,0,0,0,0,1,0,0,0,0
697.98,72.078,0,0,0,0,0,0,0,0,0
697.21,919.63,0,0,0,0,1,0,0,0,0
698.18,1151.8,0,0,0,0,1,0,0,0,0
698.66,265.51,0,0,0,0,0,0,0,0,0
699.37,901.51,0,0,0,0,1,0,0,0,0
700.79,182.65,0,0,0,0,0,0,0,0,0
699.92,284.66,0,0,0,0,0,0,0,0,0
701.25,616.66,0,0,0,0,0,0,0,0,0
701.27,15.393,0,0,0,0,0,0,0,0,0
701.86,197.6,0,0,0,0,0,0,0,0,0
701.55,935.64,0,0,0,0,1,0,0,0,0
703.59,224.93,0,0,0,0,0,0,0,0,0
703.46,476.67,0,0,0,0,0,0,0,0,0
703.21,665.14,0,0,0,0,0,0,0,0,0
703.77,889.96,0,0,0,0,1,0,0,0,0
703.1,971,0,0,0,0,1,0,0,0,0
702.99,1109.4,0,0,0,0,1,0,0,0,0
703.9,1116.5,0,0,0,0,1,0,0,0,0
704.77,771.2,0,0,0,0,1,0,0,0,0
704.58,870.59,0,0,0,0,1,0,0,0,0
705.16,983.31,0,0,0,0,1,0,0,0,0
706.68,515.23,0,0,0,0,0,0,0,0,0
706.9,940.15,0,0,0,0,1,0,0,0,0
707.43,136.27,0,0,0,0,0,0,0,0,0
707.67,1130.2,0,0,0,0,1,0,0,0,0
708.24,1249.8,0,0,0,0,1,0,0,0,0
709.71,268.25,0,0,0,0,0,0,0,0,0
709.94,613.29,0,0,0,0,0,0,0,0,0
709.32,903.59,0,0,0,0,1,0,0,0,0
709.12,1119.5,0,0,0,0,1,0,0,0,0
709.23,1262,0,0,0,0,1,0,0,0,0
711.06,607.25,0,0,0,0,0,0,0,0,0
711.27,961.78,0,0,0,0,1,0,0,0,0
711.56,1106.3,0,0,0,0,1,0,0,0,0
712.69,547.78,0,0,0,0,0,0,0,0,0
712.97,759.86,0,0,0,0,1,0,0,0,0
712.65,926.98,0,0,0,0,1,0,0,0,0
712.47,978.71,0,0,0,0,1,0,0,0,0
712.17,1224.8,0,0,0,0,1,0,0,0,0
713.91,504.8,0,0,0,0,0,0,0,0,0
714.23,678.42,0,0,0,0,0,0,0,0,0
713.91,871.82,0,0,0,0,1,0,0,0,0
713.8,900.15,0,0,0,0,1,0,0,0,0
714.04,1154.7,0,0,0,0,1,0,0,0,0
715.44,156.28,0,0,0,0,0,0,0,0,0
715.18,313.28,0,0,0,0,0,0,0,0,0
715.7,528.69,0,0,0,0,0,0,0,0,0
715.85,664.08,0,0,0,0,0,0,0,0,0
716.08,1209,0,0,0,0,1,0,0,0,0
717.05,518.21,0,0,0,0,0,0,0,0,0
717.12,673.32,0,0,0,0,0,0,0,0,0
717.01,1137.5,0,0,0,0,1,0,0,0,0
717.28,1144,0,0,0,0,1,0,0,0,0
718.57,95.349,0,0,0,0,0,0,0,0,0
718.45,147.05,0,0,0,0,0,0,0,0,0
718.59,404.52,0,0,0,0,0,0,0,0,0
718.61,851.83,0,0,0,0,1,0,0,0,0
720.23,85.177,0,0,0,0,0,0,0,0,0
719.62,153.39,0,0,0,0,0,0,0,0,0
720.03,609.13,0,0,0,0,0,0,0,0,0
721.35,158.82,0,0,0,0,0,0,0,0,0
721.94,367.59,0,0,0,0,0,0,0,0,0
721.87,374.77,0,0,0,0,0,0,0,0,0
721.76,795.15,0,0,0,0,1,0,0,0,0
721.03,962.79,0,0,0,0,1,0,0,0,0
722.04,1188.1,0,0,0,0,1,0,0,0,0
723.03,356.78,0,0,0,0,0,0,0,0,0
723.14,673.15,0,0,0,0,0,0,0,0,0
724.29,1134.5,0,0,0,0,1,0,0,0,0
725.8,148.64,0,0,0,0,0,0,0,0,0
726.23,665.18,0,0,0,0,0,0,0,0,0
726.42,1070.9,0,0,0,0,1,0,0,0,0
726.53,1197.7,0,0,0,0,1,0,0,0,0
727.99,17.708,0,0,0,0,0,0,0,0,0
726.83,315.68,0,0,0,0,0,0,0,0,0
726.99,328.85,0,0,0,0,0,0,0,0,0
729.63,205.74,0,0,0,0,0,0,0,0,0
729.74,238.05,0,0,0,0,0,0,0,0,0
729.45,804.12,0,0,0,0,1,0,0,0,0
728.74,1090.4,0,0,0,0,1,0,0,0,0
730.66,32.461,0,0,0,0,0,0,0,0,0
730.59,92.782,0,0,0,0,0,0,0,0,0
731.17,222.28,0,0,0,0,0,0,0,0,0
730.02,702.53,0,0,0,0,0,0,0,0,0
729.99,1125.7,0,0,0,0,1,0,0,0,0
730.01,1132.7,0,0,0,0,1,0,0,0,0
732.13,1114.9,0,0,0,0,1,0,0,0,0
733.33,460.53,0,0,0,0,0,0,0,0,0
733.08,611.86,0,0,0,0,0,0,0,0,0
733.18,924.05,0,0,0,0,1,0,0,0,0
734.81,110.8,0,0,0,0,0,0,0,0,0
734.65,721.45,0,0,0,0,1,0,0,0,0
735.25,784.66,0,0,0,0,1,0,0,0,0
734.8,1133.7,0,0,0,0,1,0,0,0,0
734.39,1150,0,0,0,0,1,0,0,0,0
735.94,72.021,0,0,0,0,0,0,0,0,0
737.13,100.21,0,0,0,0,0,0,0,0,0
736.72,362.04,0,0,0,0,0,0,0,0,0
736.01,1191.8,0,0,0,0,1,0,0,0,0
736.96,1262.1,0,0,0,0,1,0,0,0,0
738.44,658.52,0,0,0,0,0,0,0,0,0
739.99,124.88,0,0,0,0,0,0,0,0,0
739.43,303.61,0,0,0,0,0,0,0,0,0
739.59,710.53,0,0,0,0,0,0,0,0,0
739.82,771.37,0,0,0,0,1,0,0,0,0
739.45,968.57,0,0,0,0,1,0,0,0,0
739.89,1138.1,0,0,0,0,1,0,0,0,0
741.72,346.55,0,0,0,0,0,0,0,0,0
741.55,432.54,0,0,0,0,0,0,0,0,0
741.1,786.14,0,0,0,0,1,0,0,0,0
742.54,742.32,0,0,0,0,1,0,0,0,0
742.62,819.42,0,0,0,0,1,0,0,0,0
742.94,1190,0,0,0,0,1,0,0,0,0
744.59,26.878,0,0,0,0,0,0,0,0,0
744.01,185.83,0,0,0,0,0,0,0,0,0
743.88,464.57,0,0,0,0,0,0,0,0,0
743.48,855.9,0,0,0,0,1,0,0,0,0
746.19,85.856,0,0,0,0,0,0,0,0,0
745.2,169.41,0,0,0,0,0,0,0,0,0
745.4,411.79,0,0,0,0,0,0,0,0,0
747.2,101.89,0,0,0,0,0,0,0,0,0
747.53,1130.2,0,0,0,0,1,0,0,0,0
749.2,13.351,0,0,0,0,0,0,0,0,0
748.58,335.07,0,0,1,0,0,0,0,0,0
748.04,432.53,0,0,1,0,0,0,0,0,0
748.14,475.03,0,0,1,0,0,0,0,0,0
748.45,544.4,0,0,0,0,0,0,0,0,0
747.99,553.12,0,0,0,0,0,0,0,0,0
750.69,181.17,0,0,0,0,0,0,0,0,0
750.06,598.19,0,0,0,0,0,0,0,0,0
749.96,962.06,0,0,0,0,1,0,0,0,0
752.03,81.329,0,0,0,0,0,0,0,0,0
751.46,277.49,0,0,0,0,0,0,0,0,0
751.24,370.86,0,0,1,0,0,0,0,0,0
751.2,441.58,0,0,1,0,0,0,0,0,0
751.5,480.22,0,0,1,0,0,0,0,0,0
751.66,558.14,0,0,0,0,0,0,0,0,0
751.09,955.29,0,0,0,0,1,0,0,0,0
753.61,357.99,0,0,1,0,0,0,0,0,0
753.16,1135.8,0,0,0,0,1,0,0,0,0
754.29,90.65,0,0,0,0,0,0,0,0,0
754.48,675.07,0,0,0,0,0,0,0,0,0
753.78,768.05,0,0,0,0,1,0,0,0,0
755.29,616.66,0,0,0,0,0,0,0,0,0
755.97,846.24,0,0,0,0,1,0,0,0,0
756.09,1170.1,0,0,0,0,1,0,0,0,0
757.84,599.86,0,0,0,0,0,0,0,0,0
757.88,961.28,0,0,0,0,1,0,0,0,0
757.66,1259.8,0,0,0,0,1,0,0,0,0
759.74,299.02,0,0,1,0,0,0,0,0,0
760.1,179.83,0,0,0,0,0,0,0,0,0
761.13,212.82,0,0,0,0,0,0,0,0,0
760.41,550.03,0,0,0,0,0,0,0,0,0
760.11,692.7,0,0,0,0,0,0,0,0,0
761.47,92.378,0,0,0,0,0,0,0,0,0
761.66,364.56,0,0,1,0,0,0,0,0,0
764.07,83.692,0,0,0,0,0,0,0,0,0
762.9,202.88,0,0,0,0,0,0,0,0,0
764.1,302.99,0,0,1,0,0,0,0,0,0
763.39,381.41,0,0,1,0,0,0,0,0,0
763.6,585.06,0,0,0,0,0,0,0,0,0
763.28,624.04,0,0,0,0,0,0,0,0,0
763.3,682.67,0,0,0,0,0,0,0,0,0
765.61,818.41,0,0,0,0,1,0,0,0,0
764.83,824.96,0,0,0,0,1,0,0,0,0
765,958.17,0,0,0,0,1,0,0,0,0
766.62,425.38,0,0,1,0,0,0,0,0,0
766.01,618.62,0,0,0,0,0,0,0,0,0
766.12,759.25,0,0,0,0,1,0,0,0,0
768.06,968.31,0,0,0,0,1,0,0,0,0
769.01,276.29,0,0,0,0,0,0,0,0,0
769.86,403.06,0,0,1,0,0,0,0,0,0
769.94,857.69,0,0,0,0,1,0,0,0,0
769.23,1166.9,0,0,0,0,1,0,0,0,0
770.73,393.58,0,0,1,0,0,0,0,0,0
770.25,669.7,0,0,0,0,0,0,0,0,0
770.42,1230.1,0,0,0,0,1,0,0,0,0
773.49,103.42,0,0,0,0,0,0,0,0,0
773.53,363.14,0,0,1,0,0,0,0,0,0
774.02,432.29,0,0,1,0,0,0,0,0,0
773.83,754.16,0,0,0,0,1,0,0,0,0
776.01,1163.5,0,0,0,0,1,0,0,0,0
777.62,457.89,0,0,1,0,0,0,0,0,0
776.82,592.38,0,0,0,0,0,0,0,0,0
776.32,969.55,0,0,0,0,1,0,0,0,0
778.49,44.968,0,0,0,0,0,0,0,0,0
778.01,107.89,0,0,0,0,0,0,0,0,0
778.32,407.06,0,0,1,0,0,0,0,0,0
778.36,671.79,0,0,0,0,0,0,0,0,0
779.18,704.54,0,0,0,0,0,0,0,0,0
779.64,301.55,0,0,1,0,0,0,0,0,0
780.25,962.73,0,0,0,0,1,0,0,0,0
781.75,401.24,0,0,1,0,0,0,0,0,0
783.17,692.46,0,0,0,0,0,0,0,0,0
783.22,952.84,0,0,0,0,1,0,0,0,0
784.33,201.27,0,0,0,0,0,0,0,0,0
785.5,265.33,0,0,0,0,0,0,0,0,0
785.97,297.21,0,0,1,0,0,0,0,0,0
786.26,715.11,0,0,0,0,0,0,0,0,0
786.13,942.17,0,0,0,0,1,0,0,0,0
785.82,1165.3,0,0,0,0,1,0,0,0,0
787.68,48.048,0,0,0,0,0,0,0,0,0
788.58,15.197,0,0,0,0,0,0,0,0,0
789.35,392.23,0,0,1,0,0,0,0,0,0
789.11,440.49,0,0,1,0,0,0,0,0,0
789.44,528.6,0,0,0,0,0,0,0,0,0
789.4,1170.3,0,0,0,0,1,0,0,0,0
790.7,406.76,0,0,1,0,0,0,0,0,0
792.12,124.95,0,0,0,0,0,0,0,0,0
792.17,629.89,0,0,0,0,0,0,0,0,0
793.78,115.3,0,0,0,0,0,0,0,0,0
793.37,445.83,0,0,1,0,0,0,0,0,0
793.35,693.12,0,0,0,0,0,0,0,0,0
793.87,1216.6,0,0,0,0,1,0,0,0,0
795.34,148.43,0,0,0,0,0,0,0,0,0
796.45,129.55,0,0,0,0,0,0,0,0,0
797.03,431.1,0,0,1,0,0,0,0,0,0
795.79,463.26,0,0,1,0,0,0,0,0,0
799.31,119.76,0,0,0,0,0,0,0,0,0
799.3,165.97,0,0,0,0,0,0,0,0,0
799.21,335.22,0,0,1,0,0,0,0,0,0
799.75,520.8,0,0,1,0,0,0,0,0,0
799.32,597.36,0,0,0,0,0,0,0,0,0
799.02,678.2,0,0,0,0,0,0,0,0,0
800.38,24.568,0,0,0,0,0,0,0,0,0
800.32,282.91,0,0,0,0,0,0,0,0,0
801.45,799.33,0,0,0,0,1,0,0,0,0
803.05,125.75,0,0,0,0,0,0,0,0,0
802.5,471.07,0,0,1,0,0,0,0,0,0
804.29,112.32,0,0,0,0,0,0,0,0,0
804.3,740.92,0,0,0,0,1,0,0,0,0
805.95,73.764,0,0,0,0,0,0,0,0,0
805.56,696.35,0,0,0,0,0,0,0,0,0
805.97,817.27,0,0,0,0,1,0,0,0,0
805.58,868.66,0,0,0,0,1,0,0,0,0
806.14,918.05,0,0,0,0,1,0,0,0,0
806.38,446.57,0,0,1,0,0,0,0,0,0
807.72,538.08,0,0,0,0,0,0,0,0,0
808.88,83.429,0,0,0,0,0,0,0,0,0
808.71,737.69,0,0,0,0,1,0,0,0,0
810.18,188.98,0,0,0,0,0,0,0,0,0
809.56,466.82,0,0,1,0,0,0,0,0,0
810.11,551.93,0,0,0,0,0,0,0,0,0
811.18,406.8,0,0,1,0,0,0,0,0,0
811.72,820.75,0,0,0,0,1,0,0,0,0
812.44,723.11,0,0,0,0,1,0,0,0,0
813.32,930.26,0,0,0,0,1,0,0,0,0
814.16,51.276,0,0,0,0,0,0,0,0,0
814.09,252.2,0,0,0,0,0,0,0,0,0
814.11,264.7,0,0,0,0,0,0,0,0,0
814.34,384.16,0,0,1,0,0,0,0,0,0
814.6,437.81,0,0,1,0,0,0,0,0,0
814.31,470.84,0,0,1,0,0,0,0,0,0
814.51,682.22,0,0,0,0,0,0,0,0,0
815.64,57.121,0,0,0,0,0,0,0,0,0
816.1,429.02,0,0,1,0,0,0,0,0,0
816.12,580.1,0,0,0,0,0,0,0,0,0
816.24,717.02,0,0,0,0,0,0,0,0,0
815.8,1123,0,0,0,0,1,0,0,0,0
817.42,597.36,0,0,0,0,0,0,0,0,0
817.6,697.21,0,0,0,0,0,0,0,0,0
817.1,958.87,0,0,0,0,1,0,0,0,0
817.11,979.38,0,0,0,0,1,0,0,0,0
818.8,108.48,0,0,0,0,0,0,0,0,0
818.48,562.27,0,0,0,0,0,0,0,0,0
819.24,623.53,0,0,0,0,0,0,0,0,0
819.52,858.95,0,0,0,0,1,0,0,0,0
820.03,91.495,0,0,0,0,0,0,0,0,0
820.55,140.77,0,0,0,0,0,0,0,0,0
820.68,366.76,0,0,1,0,0,0,0,0,0
821.06,444.43,0,0,1,0,0,0,0,0,0
820.53,525.89,0,0,0,0,0,0,0,0,0
819.75,749.23,0,0,0,0,1,0,0,0,0
820.56,773.39,0,0,0,0,1,0,0,0,0
821.06,819.91,0,0,0,0,1,0,0,0,0
821.61,340.08,0,0,1,0,0,0,0,0,0
821.73,581.12,0,0,0,0,0,0,0,0,0
823.32,84.531,0,0,0,0,0,0,0,0,0
823.25,102.28,0,0,0,0,0,0,0,0,0
823.9,112.6,0,0,0,0,0,0,0,0,0
824,564.91,0,0,0,0,0,0,0,0,0
823.43,854.75,0,0,0,0,1,0,0,0,0
825.42,279.3,0,0,0,0,0,0,0,0,0
824.99,816.01,0,0,0,0,1,0,0,0,0
827.15,201.09,0,0,0,0,0,0,0,0,0
826.5,800.67,0,0,0,0,1,0,0,0,0
827.02,969.27,0,0,0,0,1,0,0,0,0
827.78,412.22,0,0,1,0,0,0,0,0,0
827.99,695.89,0,0,0,0,0,0,0,0,0
828,750.14,0,0,0,0,1,0,0,0,0
827.36,849.42,0,0,0,0,1,0,0,0,0
830.19,39.873,0,0,0,0,0,0,0,0,0
829.21,519.96,0,0,1,0,0,0,0,0,0
828.83,979.38,0,0,0,0,1,0,0,0,0
829.91,1168.8,0,0,0,0,1,0,0,0,0
832.9,63.123,0,0,0,0,0,0,0,0,0
832.63,593.63,0,0,0,0,0,0,0,0,0
832.36,708.4,0,0,0,0,0,0,0,0,0
832.37,1162.5,0,0,0,0,1,0,0,0,0
834.16,240.75,0,0,0,0,0,0,0,0,0
833.89,524.8,0,0,0,0,0,0,0,0,0
834.06,563,0,0,0,0,0,0,0,0,0
833.53,771.51,0,0,0,0,1,0,0,0,0
834.35,797.45,0,0,0,0,1,0,0,0,0
833.62,829.44,0,0,0,0,1,0,0,0,0
833.71,886.04,0,0,0,0,1,0,0,0,0
833.84,896.88,0,0,0,0,1,0,0,0,0
834.1,1003.7,0,0,0,0,1,0,0,0,0
834.12,1130.9,0,0,0,0,1,0,0,0,0
835.67,84.147,0,0,0,0,0,0,0,0,0
835.02,309.27,0,0,1,0,0,0,0,0,0
835.76,841.55,0,0,0,0,1,0,0,0,0
836.35,100.25,0,0,0,0,0,0,0,0,0
836.73,234.95,0,0,0,0,0,0,0,0,0
836.82,425.69,0,0,1,0,0,0,0,0,0
837.01,511.72,0,0,1,0,0,0,0,0,0
837.46,747.86,0,0,0,0,1,0,0,0,0
837.09,997.8,0,0,0,0,1,0,0,0,0
836.95,1095.3,0,0,0,0,1,0,0,0,0
836.84,1110.5,0,0,0,0,1,0,0,0,0
838.54,170.25,0,0,0,0,0,0,0,0,0
838.65,246.85,0,0,0,0,0,0,0,0,0
839,808.88,0,0,0,0,1,0,0,0,0
838.94,907.93,0,0,0,0,1,0,0,0,0
839.99,187.32,0,0,0,0,0,0,0,0,0
839.83,544.77,0,0,0,0,0,0,0,0,0
839.53,563.62,0,0,0,0,0,0,0,0,0
839.92,836.98,0,0,0,0,1,0,0,0,0
840.8,405.18,0,0,1,0,0,0,0,0,0
840.8,901.54,0,0,0,0,1,0,0,0,0
843.66,549.45,0,0,0,0,0,0,0,0,0
842.55,581.17,0,0,0,0,0,0,0,0,0
844.92,572.9,0,0,0,0,0,0,0,0,0
844.49,783.02,0,0,0,0,1,0,0,0,0
846.47,404.53,0,0,1,0,0,0,0,0,0
845.8,428.39,0,0,1,0,0,0,0,0,0
846.47,587.22,0,0,0,0,0,0,0,0,0
846.29,1043.6,0,0,0,0,1,0,0,0,0
847.93,395.16,0,0,1,0,0,0,0,0,0
847.63,480.88,0,0,1,0,0,0,0,0,0
847.52,603.39,0,0,0,0,0,0,0,0,0
847.6,951.06,0,0,0,0,1,0,0,0,0
849.48,721.53,0,0,0,0,1,0,0,0,0
850.98,130.3,0,0,0,0,0,0,0,0,0
850.08,810.22,0,0,0,0,1,0,0,0,0
850.62,851.62,0,0,0,0,1,0,0,0,0
850.5,862.71,0,0,0,0,1,0,0,0,0
850.57,974.81,0,0,0,0,1,0,0,0,0
851.72,32.236,0,0,0,0,0,0,0,0,0
852.21,235.77,0,0,0,0,0,0,0,0,0
851.84,542.96,0,0,0,0,0,0,0,0,0
852.46,1109.8,0,0,0,0,1,0,0,0,0
852.78,583.76,0,0,0,0,0,0,0,0,0
853.74,589.47,0,0,0,0,0,0,0,0,0
854.92,114.28,0,0,0,0,0,0,0,0,0
855.54,120.08,0,0,0,0,0,0,0,0,0
854.53,163.59,0,0,0,0,0,0,0,0,0
854.62,423.75,0,0,0,0,0,0,0,0,0
854.63,438.05,0,0,0,0,0,0,0,0,0
855.27,960.33,0,0,0,0,1,0,0,0,0
856.43,9.3066,0,0,0,0,0,0,0,0,0
856.75,46.585,0,0,0,0,0,0,0,0,0
856.33,553.67,0,0,0,0,0,0,0,0,0
855.83,616.78,0,0,0,0,0,0,0,0,0
857.17,1089.7,0,0,0,0,1,0,0,0,0
857.69,32.178,0,0,0,0,0,0,0,0,0
858.21,517.08,0,0,0,0,0,0,0,0,0
858.08,713.91,0,0,0,0,0,0,0,0,0
859.39,140.26,0,0,0,0,0,0,0,0,0
859.8,297.8,0,0,0,0,0,0,0,0,0
859.87,579.94,0,0,0,0,0,0,0,0,0
859.85,597.08,0,0,0,0,0,0,0,0,0
860.91,550.21,0,0,0,0,0,0,0,0,0
860.74,566.7,0,0,0,0,0,0,0,0,0
861.29,889.97,0,0,0,0,1,0,0,0,0
860.36,1013.7,0,0,0,0,1,0,0,0,0
862.81,283.82,0,0,0,0,0,0,0,0,0
862.29,471.18,0,0,0,0,0,0,0,0,0
862.42,544.31,0,0,0,0,0,0,0,0,0
862.4,561.18,0,0,0,0,0,0,0,0,0
863.91,258.38,0,0,0,0,0,0,0,0,0
863.99,310.19,0,0,0,0,0,0,0,0,0
864.13,462,0,0,0,0,0,0,0,0,0
863.9,643.22,0,0,0,0,0,0,0,0,0
864.53,905.47,0,0,0,0,1,0,0,0,0
864.76,81.161,0,0,0,0,0,0,0,0,0
865.43,715.23,0,0,0,0,0,0,0,0,0
866.85,225,0,0,0,0,0,0,0,0,0
867.64,280.01,0,0,0,0,0,0,0,0,0
866.62,807.19,0,0,0,0,1,0,0,0,0
867.03,830.3,0,0,0,0,1,0,0,0,0
866.31,847.75,0,0,0,0,1,0,0,0,0
868.8,250.29,0,0,0,0,0,0,0,0,0
868.53,569.58,0,0,0,0,0,0,0,0,0
869.19,801.93,0,0,0,0,1,0,0,0,0
868.2,889.6,0,0,0,0,1,0,0,0,0
868.5,1109.5,0,0,0,0,1,0,0,0,0
867.94,1188.9,0,0,0,0,1,0,0,0,0
869.93,835.76,0,0,0,0,1,0,0,0,0
869.69,880.07,0,0,0,0,1,0,0,0,0
871.07,187.37,0,0,0,0,0,0,0,0,0
871.45,274.82,0,0,0,0,0,0,0,0,0
871,740.91,0,0,0,0,1,0,0,0,0
871.79,796.71,0,0,0,0,1,0,0,0,0
871.2,1124.8,0,0,0,0,1,0,0,0,0
872.96,285.82,0,0,0,0,0,0,0,0,0
874.77,234,0,0,0,0,0,0,0,0,0
874.12,248.5,0,0,0,0,0,0,0,0,0
874.29,888.09,0,0,0,0,1,0,0,0,0
876.44,214.37,0,0,0,0,0,0,0,0,0
875.69,701.36,0,0,0,0,0,0,0,0,0
876.15,1197.4,0,0,0,0,1,0,0,0,0
877.96,446.69,0,0,0,0,0,0,0,0,0
877.99,1172,0,0,0,0,1,0,0,0,0
879.56,251.88,0,0,0,0,0,0,0,0,0
878.8,433.41,0,0,0,0,0,0,0,0,0
879.07,596.38,0,0,0,0,0,0,0,0,0
879.59,1164.1,0,0,0,0,1,0,0,0,0
880.71,387.62,0,0,0,0,0,0,0,0,0
881.18,745.31,0,0,0,0,1,0,0,0,0
879.85,809.22,0,0,0,0,1,0,0,0,0
880.73,896.06,0,0,0,0,1,0,0,0,0
882.03,108.47,0,0,0,0,0,0,0,0,0
882.6,573.29,0,0,0,0,0,0,0,0,0
881.72,580.04,0,0,0,0,0,0,0,0,0
881.67,612.9,0,0,0,0,0,0,0,0,0
881.59,836.71,0,0,0,0,1,0,0,0,0
881.79,939.35,0,0,0,0,1,0,0,0,0
883.44,289.33,0,0,0,0,0,0,0,0,0
883.96,339.1,0,0,0,0,0,0,0,0,0
883.19,540.17,0,0,0,0,0,0,0,0,0
883.03,822.63,0,0,0,0,1,0,0,0,0
885.04,39.712,0,0,0,0,0,0,0,0,0
884.62,175.91,0,0,0,0,0,0,0,0,0
885.36,633.89,0,0,0,0,0,0,0,0,0
885.23,740.49,0,0,0,0,1,0,0,0,0
884.75,948.42,0,0,0,0,1,0,0,0,0
887.01,441.94,0,0,0,0,0,0,0,0,0
886.54,554.38,0,0,0,0,0,0,0,0,0
888.58,20.822,0,0,0,0,0,0,0,0,0
888.58,433.2,0,0,0,0,0,0,0,0,0
888.17,477.37,0,0,0,0,0,0,0,0,0
887.88,481.57,0,0,0,0,0,0,0,0,0
888.69,615.96,0,0,0,0,0,0,0,0,0
889.91,258.89,0,0,0,0,0,0,0,0,0
890.13,945.88,0,0,0,0,1,0,0,0,0
891.56,765.41,0,0,0,0,1,0,0,0,0
891.35,793.34,0,0,0,0,1,0,0,0,0
892.75,129.2,0,0,0,0,0,0,0,0,0
892.24,455.38,0,0,0,0,0,0,0,0,0
892.76,621.82,0,0,0,0,0,0,0,0,0
892.24,961.68,0,0,0,0,1,0,0,0,0
893.34,345.9,0,0,0,0,0,0,0,0,0
894.14,428.44,0,0,0,0,0,0,0,0,0
894.71,583.43,0,0,0,0,0,0,0,0,0
893.61,834.27,0,0,0,0,1,0,0,0,0
895.78,220.37,0,0,0,0,0,0,0,0,0
895.54,244.55,0,0,0,0,0,0,0,0,0
895.97,477.1,0,0,0,0,0,0,0,0,0
894.92,613.34,0,0,0,0,0,0,0,0,0
897.59,46.233,0,0,0,0,0,0,0,0,0
896.53,450.75,0,0,0,0,0,0,0,0,0
896.84,595.97,0,0,0,0,0,0,0,0,0
896.8,987.15,0,0,0,0,0,0,0,0,0
898.87,133.3,0,0,0,0,0,0,0,0,0
899,140.32,0,0,0,0,0,0,0,0,0
897.78,211.62,0,0,0,0,0,0,0,0,0
898.07,467.82,0,0,0,0,0,0,0,0,0
898.76,618.2,0,0,0,0,0,0,0,0,0
898.88,783.26,0,0,0,0,0,0,0,0,0
900.69,32.4,0,0,0,0,0,0,0,0,0
899.53,118.8,0,0,0,0,0,0,0,0,0
900.42,579.89,0,0,0,0,0,0,0,0,0
900.2,653.04,0,0,0,0,0,0,0,0,0
899.99,719.72,0,0,0,0,0,0,0,0,0
899.9,841.72,0,0,0,0,0,0,0,0,0
901.35,254.74,0,0,0,0,0,0,0,0,0
901.95,385.44,0,0,0,0,0,0,0,0,0
901.92,607.55,0,0,0,0,0,0,0,0,0
900.9,894.13,0,0,0,0,0,0,0,0,0
903.21,277.68,0,0,0,0,0,0,0,0,0
903.12,766.33,0,0,0,0,0,0,0,0,0
903.01,869.3,0,0,0,0,0,0,0,0,0
902.8,946.7,0,0,0,0,0,0,0,0,0
902.75,974.16,0,0,0,0,0,0,0,0,0
902.4,986.78,0,0,0,0,0,0,0,0,0
905.11,590.91,0,0,0,0,0,0,0,0,0
904.25,744.03,0,0,0,0,0,0,0,0,0
905.34,307.33,0,0,0,0,0,0,0,0,0
906.16,337.35,0,0,0,0,0,0,0,0,0
906.21,839.73,0,0,0,0,0,0,0,0,0
907.68,374.69,0,0,0,0,0,0,0,0,0
907.24,414.88,0,0,0,0,0,0,0,0,0
907.47,606.43,0,0,0,0,0,0,0,0,0
909.58,26.489,0,0,0,0,0,0,0,0,0
908.89,439.81,0,0,0,0,0,0,0,0,0
909.71,595.96,0,0,0,0,0,0,0,0,0
909.49,771.98,0,0,0,0,0,0,0,0,0
909.03,914.99,0,0,0,0,0,0,0,0,0
910,304.22,0,0,0,0,0,0,0,0,0
910.99,556.12,0,0,0,0,0,0,0,0,0
910.6,565.52,0,0,0,0,0,0,0,0,0
910.81,747.81,0,0,0,0,0,0,0,0,0
911.1,1019.1,0,0,0,0,0,0,0,0,0
912.48,580.06,0,0,0,0,0,0,0,0,0
912.3,802.7,0,0,0,0,0,0,0,0,0
913.07,407.73,0,0,0,0,0,0,0,0,0
913.96,1224.1,0,0,0,0,0,0,0,0,0
914.4,371.16,0,0,0,0,0,0,0,0,0
914.77,451.72,0,0,0,0,0,0,0,0,0
914.88,648.74,0,0,0,0,0,0,0,0,0
914.97,850.64,0,0,0,0,0,0,0,0,0
915.87,742.43,0,0,0,0,0,0,0,0,0
916.03,969.23,0,0,0,0,0,0,0,0,0
916.73,1058.7,0,0,0,0,0,0,0,0,0
916.45,1210.6,0,0,0,0,0,0,0,0,0
918.15,294.05,0,0,0,0,0,0,0,0,0
917.86,655.44,0,0,0,0,0,0,0,0,0
918.33,877.26,0,0,0,0,0,0,0,0,0
919.98,447.83,0,0,0,0,0,0,0,0,0
919.77,856.26,0,0,0,0,0,0,0,0,0
920.42,241.6,0,0,0,0,0,0,0,0,0
920.84,781.1,0,0,0,0,0,0,0,0,0
920.87,898.04,0,0,0,0,0,0,0,0,0
921.25,1022.4,0,0,0,0,0,0,0,0,0
920.67,1157.2,0,0,0,0,0,0,0,0,0
923.17,546.87,0,0,0,0,0,0,0,0,0
922.33,1057.7,0,0,0,0,0,0,0,0,0
924.27,228.21,0,0,0,0,0,0,0,0,0
923.4,430.98,0,0,0,0,0,0,0,0,0
924.84,398.99,0,0,0,0,0,0,0,0,0
924.96,835.34,0,0,0,0,0,0,0,0,0
926.83,151.4,0,0,0,0,0,0,0,0,0
927.14,258.95,0,0,0,0,0,0,0,0,0
927.64,1213.9,0,0,0,0,0,0,0,0,0
928.83,10.932,0,0,0,0,0,0,0,0,0
929.2,28.719,0,0,0,0,0,0,0,0,0
927.79,371.46,0,0,0,0,0,0,0,0,0
928.1,801.36,0,0,0,0,0,0,0,0,0
929.48,938.21,0,0,0,0,0,0,0,0,0
929.94,1057.7,0,0,0,0,0,0,0,0,0
930.42,1073.8,0,0,0,0,0,0,0,0,0
929.84,1158.2,0,0,0,0,0,0,0,0,0
929.61,1229.9,0,0,0,0,0,0,0,0,0
931.68,89.877,0,0,0,0,0,0,0,0,0
931.11,309.29,0,0,0,0,0,0,0,0,0
931.89,362.09,0,0,0,0,0,0,0,0,0
931.4,448.76,0,0,0,0,0,0,0,0,0
931.94,459.6,0,0,0,0,0,0,0,0,0
933.47,232.27,0,0,0,0,0,0,0,0,0
933.29,302.26,0,0,0,0,0,0,0,0,0
932.72,424.74,0,0,0,0,0,0,0,0,0
932.32,437.54,0,0,0,0,0,0,0,0,0
933.31,863.98,0,0,0,0,0,0,0,0,0
932.42,1086,0,0,0,0,0,0,0,0,0
934.58,61.566,0,0,0,0,0,0,0,0,0
934.54,142.16,0,0,0,0,0,0,0,0,0
934.52,1028.4,0,0,0,0,0,0,0,0,0
936.45,611.75,0,0,0,0,0,0,0,0,0
935.91,956.95,0,0,0,0,0,0,0,0,0
935.91,1231.5,0,0,0,0,0,0,0,0,0
937.37,605.24,0,0,0,0,0,0,0,0,0
936.83,829.06,0,0,0,0,0,0,0,0,0
937.79,934.84,0,0,0,0,0,0,0,0,0
936.94,1142.1,0,0,0,0,0,0,0,0,0
939.09,88.413,0,0,0,0,0,0,0,0,0
939.02,595.47,0,0,0,0,0,0,0,0,0
939.56,1021.1,0,0,0,0,0,0,0,0,0
938.43,1044.8,0,0,0,0,0,0,0,0,0
939.12,1119,0,0,0,0,0,0,0,0,0
938.71,1193.1,0,0,0,0,0,0,0,0,0
940.07,586.66,0,0,0,0,0,0,0,0,0
940.5,626.99,0,0,0,0,0,0,0,0,0
940.46,642.81,0,0,0,0,0,0,0,0,0
941.21,871.53,0,0,0,0,0,0,0,0,0
941.79,264.21,0,0,0,0,0,0,0,0,0
942.21,428.51,0,0,0,0,0,0,0,0,0
942.56,616.24,0,0,0,0,0,0,0,0,0
941.48,908.07,0,0,0,0,0,0,0,0,0
942.22,1000.9,0,0,0,0,0,0,0,0,0
944.17,351.2,0,0,0,0,0,0,0,0,0
943.11,516.92,0,0,0,0,0,0,0,0,0
943.54,622.5,0,0,0,0,0,0,0,0,0
942.98,1094.6,0,0,0,0,0,0,0,0,0
943.67,1141.4,0,0,0,0,0,0,0,0,0
944.62,139.44,0,0,0,0,0,0,0,0,0
945.04,493.45,0,0,0,0,0,0,0,0,0
944.82,499.28,0,0,0,0,0,0,0,0,0
944.48,553.69,0,0,0,0,0,0,0,0,0
944.26,661.23,0,0,0,0,0,0,0,0,0
946.8,83.429,0,0,0,0,0,0,0,0,0
947.03,250.15,0,0,0,0,0,0,0,0,0
946.79,587.49,0,0,0,0,0,0,0,0,0
945.94,608.2,0,0,0,0,0,0,0,0,0
946.85,745.82,0,0,0,0,0,0,0,0,0
946.32,980.89,0,0,0,0,0,0,0,0,0
946.15,1113,0,0,0,0,0,0,0,0,0
947.84,334.54,0,0,0,0,0,0,0,0,0
947.34,1125.4,0,0,0,0,0,0,0,0,0
947.95,1151.4,0,0,0,0,0,0,0,0,0
949.83,478.62,0,0,0,0,0,0,0,0,0
949.51,593.76,0,0,0,0,0,0,0,0,0
949.13,779.54,0,0,0,0,0,0,0,0,0
950.23,1034.5,0,0,0,0,0,0,0,0,0
950.09,1144.2,0,0,0,0,0,0,0,0,0
951.32,36.351,0,0,0,0,0,0,0,0,0
951.46,144.12,0,0,0,0,0,0,0,0,0
950.34,234.31,0,0,0,0,0,0,0,0,0
951.65,637.22,0,0,0,0,0,0,0,0,0
950.79,906.34,0,0,0,0,0,0,0,0,0
951.11,1081.1,0,0,0,0,0,0,0,0,0
952.75,650.97,0,0,0,0,0,0,0,0,0
952.08,874.29,0,0,0,0,0,0,0,0,0
952.6,899.72,0,0,0,0,0,0,0,0,0
14.347,178.44,0,0,0,0,0,0,0,0,0
12.422,525.43,0,0,0,0,0,0,0,0,0
14.525,661.45,0,0,0,0,0,0,0,0,0
12.405,734.31,0,0,0,0,0,0,0,0,0
15.323,293.28,0,0,0,0,0,0,0,0,0
19.804,230.12,0,0,0,0,0,0,0,0,0
20.609,939.62,0,0,0,0,0,0,0,0,0
23.171,57.991,0,0,0,0,0,0,0,0,0
23.362,404.5,0,0,0,0,0,0,0,0,0
21.701,460.65,0,0,0,0,0,0,0,0,0
27.24,15.076,0,0,0,0,0,0,0,0,0
29.923,250.96,0,0,0,0,0,0,0,0,0
28.56,368.17,0,0,0,0,0,0,0,0,0
34.555,236.41,0,0,0,0,0,0,0,0,0
33.616,293.27,0,0,0,0,0,0,0,0,0
35.323,755.44,0,0,0,0,0,0,0,0,0
39.06,492.79,0,0,0,0,0,0,0,0,0
40.52,219.68,0,0,0,0,0,0,0,0,0
42.545,708.83,0,0,0,0,0,0,0,0,0
45.556,283.65,0,0,0,0,0,0,0,0,0
47.979,384.17,0,0,0,0,0,0,0,0,0
48.281,524.2,0,0,0,0,0,0,0,0,0
46.951,545.04,0,0,0,0,0,0,0,0,0
47.55,634.53,0,0,0,0,0,0,0,0,0
48.663,113.1,0,0,0,0,0,0,0,0,0
52.057,625.74,0,0,0,0,0,0,0,0,0
53.007,321.37,0,0,0,0,0,0,0,0,0
54.508,615.14,0,0,0,0,0,0,0,0,0
55.967,180.12,0,0,0,0,0,0,0,0,0
56.99,375.29,0,0,0,0,0,0,0,0,0
58.7,409.16,0,0,0,0,0,0,0,0,0
59.484,468.58,0,0,0,0,0,0,0,0,0
58.554,1260.2,0,0,0,0,0,0,0,0,0
61.586,442.88,0,0,0,0,0,0,0,0,0
63.033,51.625,0,0,0,0,0,0,0,0,0
62.323,320.2,0,0,0,0,0,0,0,0,0
63.674,424.58,0,0,0,0,0,0,0,0,0
64.756,159.39,0,0,0,0,0,0,0,0,0
64.708,246.2,0,0,0,0,0,0,0,0,0
65.805,596.12,0,0,0,0,0,0,0,0,0
65.866,1251.9,0,0,0,0,0,0,0,0,0
67.263,364.44,0,0,0,0,0,0,0,0,0
67.117,407.07,0,0,0,0,0,0,0,0,0
70.407,149.5,0,0,0,0,0,0,0,0,0
72.228,232.01,0,0,0,0,0,0,0,0,0
73.108,375.17,0,0,0,0,0,0,0,0,0
74.624,330.69,0,0,0,0,0,0,0,0,0
74.392,645.77,0,0,0,0,0,0,0,0,0
76.272,119.81,0,0,0,0,0,0,0,0,0
76.463,499.9,0,0,0,0,0,0,0,0,0
77.397,593.99,0,0,0,0,0,0,0,0,0
77.985,720.26,0,0,0,0,0,0,0,0,0
86.519,64.924,0,0,0,0,0,0,0,0,0
85.567,319.11,0,0,0,0,0,0,0,0,0
85.566,609.52,0,0,0,0,0,0,0,0,0
85.376,700.27,0,0,0,0,0,0,0,0,0
87.825,281.17,0,0,0,0,0,0,0,0,0
90.19,616.72,0,0,0,0,0,0,0,0,0
92.023,729.27,0,0,0,0,0,0,0,0,0
94.594,60.869,0,0,0,0,0,0,0,0,0
95.182,286.59,0,0,0,0,0,0,0,0,0
95.397,688.29,0,0,0,0,0,0,0,0,0
95.686,972.94,0,0,0,0,0,0,0,0,0
99.304,242.59,0,0,0,0,0,0,0,0,0
98.201,273.99,0,0,0,0,0,0,0,0,0
100.15,74.457,0,0,0,0,0,0,0,0,0
104.31,430.17,0,0,0,0,0,0,0,0,0
107.51,982.85,0,0,0,0,0,0,0,0,0
109.87,69.644,0,0,0,0,0,0,0,0,0
113.46,15.456,0,0,0,0,0,0,0,0,0
114.03,454.59,0,0,0,0,0,0,0,0,0
117.35,64.418,0,0,0,0,0,0,0,0,0
119.38,519.13,0,0,0,0,0,0,0,0,0
121.34,695.62,0,0,0,0,0,0,0,0,0
124.81,155.36,0,0,0,0,0,0,0,0,0
124.58,649.68,0,0,0,0,0,0,0,0,0
125.95,194.84,0,0,0,0,0,0,0,0,0
125.95,450.22,0,0,0,0,0,0,0,0,0
127.51,72.437,0,0,0,0,0,0,0,0,0
130.38,83.123,0,0,0,0,0,0,0,0,0
130.41,122.74,0,0,0,0,0,0,0,0,0
132.6,29.366,0,0,0,0,0,0,0,0,0
133.5,362.64,0,0,0,0,0,0,0,0,0
134.22,132.53,0,0,0,0,0,0,0,0,0
134.5,747.23,0,0,0,0,0,0,0,0,0
136.52,542.3,0,0,0,0,0,0,0,0,0
137.75,558.2,0,0,0,0,0,0,0,0,0
136.76,671.12,0,0,0,0,0,0,0,0,0
139.8,162.59,0,0,0,0,0,0,0,0,0
140.18,272.39,0,0,0,0,0,0,0,0,0
140.33,533.1,0,0,0,0,0,0,0,0,0
141.34,589.65,0,0,0,0,0,0,0,0,0
144.94,37.339,0,0,0,0,0,0,0,0,0
148.17,285.67,0,0,0,0,0,0,0,0,0
148.49,647.03,0,0,0,0,0,0,0,0,0
153.06,156.33,0,0,0,0,0,0,0,0,0
153.04,560.5,0,0,0,0,0,0,0,0,0
156.73,535.14,0,0,0,0,0,0,0,0,0
161.96,666.73,0,0,0,0,0,0,0,0,0
164.73,933.41,0,0,0,0,0,0,0,0,0
166.08,716.99,0,0,0,0,0,0,0,0,0
171.59,546.48,0,0,0,0,0,0,0,0,0
173.64,440.46,0,0,0,0,0,0,0,0,0
173.85,905.94,0,0,0,0,0,0,0,0,0
178.75,386.42,0,0,0,0,0,0,0,0,0
181.85,57.011,0,0,0,0,0,0,0,0,0
182.82,596.39,0,0,0,0,0,0,0,0,0
184.1,313.36,0,0,0,0,0,0,0,0,0
198.44,541.42,0,0,0,0,0,0,0,0,0
205.26,184.73,0,0,0,0,0,0,0,0,0
204.88,275.38,0,0,0,0,0,0,0,0,0
205.13,301.31,0,0,0,0,0,0,0,0,0
206.61,95.158,0,0,0,0,0,0,0,0,0
208.47,56.101,0,0,0,0,0,0,0,0,0
208.85,647.92,0,0,0,0,0,0,0,0,0
214.1,123.53,0,0,0,0,0,0,0,0,0
214.39,253.92,0,0,0,0,0,0,0,0,0
213.95,405.23,0,0,0,0,0,0,0,0,0
214.62,561.58,0,0,0,0,0,0,0,0,0
217.02,265.35,0,0,0,0,0,0,0,0,0
216.89,596.92,0,0,0,0,0,0,0,0,0
218.25,132.38,0,0,0,0,0,0,0,0,0
217.16,321.58,0,0,0,0,0,0,0,0,0
225.1,660.74,0,0,0,0,0,0,0,0,0
229.62,116.5,0,0,0,0,0,0,0,0,0
233.94,224.86,0,0,0,0,0,0,0,0,0
234.43,519.1,0,0,0,0,0,0,0,0,0
236.43,503.68,0,0,0,0,0,0,0,0,0
238.25,96.033,0,0,0,0,0,0,0,0,0
238.47,216.15,0,0,0,0,0,0,0,0,0
239.29,601.35,0,0,0,0,0,0,0,0,0
240.37,530.09,0,0,0,0,0,0,0,0,0
242.21,110.6,0,0,0,0,0,0,0,0,0
243.2,1230.7,0,0,0,0,0,0,0,0,0
245.3,440.25,0,0,0,0,0,0,0,0,0
244.58,649.7,0,0,0,0,0,0,0,0,0
245.19,810.07,0,0,0,0,0,0,0,0,0
246.39,44.531,0,0,0,0,0,0,0,0,0
247.76,425.67,0,0,0,0,0,0,0,0,0
247.61,477.26,0,0,0,0,0,0,0,0,0
246.96,565.44,0,0,0,0,0,0,0,0,0
250.28,375.39,0,0,0,0,0,0,0,0,0
249.92,461.12,0,0,0,0,0,0,0,0,0
254.41,1212.4,0,0,0,0,0,0,0,0,0
258.81,612.2,0,0,0,0,0,0,0,0,0
261.56,50.498,0,0,0,0,0,0,0,0,0
261.03,350.67,0,0,0,0,0,0,0,0,0
262.32,40.267,0,0,0,0,0,0,0,0,0
265.69,736.73,0,0,0,0,0,0,0,0,0
266.42,1193.4,0,0,0,0,0,0,0,0,0
267.26,658.85,0,0,0,0,0,0,0,0,0
270.18,307.7,0,0,0,0,0,0,0,0,0
270.32,340.85,0,0,0,0,0,0,0,0,0
273.27,47.563,0,0,0,0,0,0,0,0,0
276.72,309.44,0,0,0,0,0,0,0,0,0
282.13,542.34,0,0,0,0,0,0,0,0,0
281.31,607.3,0,0,0,0,0,0,0,0,0
284.85,101.31,0,0,0,0,0,0,0,0,0
289.12,44.658,0,0,0,0,0,0,0,0,0
289.94,437.07,0,0,0,0,0,0,0,0,0
290.14,477.27,0,0,0,0,0,0,0,0,0
292.75,353.35,0,0,0,0,0,0,0,0,0
295.13,85.152,0,0,0,0,0,0,0,0,0
294.39,92.493,0,0,0,0,0,0,0,0,0
306.1,195.26,0,0,0,0,0,0,0,0,0
307.29,83.337,0,0,0,0,0,0,0,0,0
307.32,1208,0,0,0,0,0,0,0,0,0
310.05,796.22,1,0,0,0,0,0,0,0,0
312.99,351.57,0,0,0,0,0,0,0,0,0
317.21,27.592,0,0,0,0,0,0,0,0,0
316.99,1144.4,0,0,0,0,0,0,0,0,0
322.24,605.13,0,0,0,0,0,0,0,0,0
324.54,208.63,0,0,0,0,0,0,0,0,0
329.41,548.84,0,0,0,0,0,0,0,0,0
331.83,72.077,0,0,0,0,0,0,0,0,0
330.49,738.11,1,0,0,0,0,0,0,0,0
335.4,36.465,0,0,0,0,0,0,0,0,0
335.05,260.04,0,0,0,0,0,0,0,0,0
334.73,722.22,1,0,0,0,0,0,0,0,0
334.24,1217.2,0,0,0,0,0,0,0,0,0
337.83,747.24,1,0,0,0,0,0,0,0,0
338.96,698.14,1,0,0,0,0,0,0,0,0
339.24,715.76,1,0,0,0,0,0,0,0,0
339.2,731.82,1,0,0,0,0,0,0,0,0
341.12,707.21,1,0,0,0,0,0,0,0,0
344.22,608,0,0,0,0,0,0,0,0,0
347.13,693.17,1,0,0,0,0,0,0,0,0
346.93,1156.2,0,0,0,0,0,0,0,0,0
353.66,701.77,1,0,0,0,0,0,0,0,0
352.68,853.34,1,0,0,0,0,0,0,0,0
357.09,820.92,1,0,0,0,0,0,0,0,0
361.56,49.891,0,0,0,0,0,0,0,0,0
361.93,136.87,0,0,0,0,0,0,0,0,0
364.16,1031.5,0,0,0,0,0,0,0,0,0
367.32,40.99,0,0,0,0,0,0,0,0,0
366.61,237.62,0,0,0,0,0,0,0,0,0
366.21,1014.6,0,0,0,0,0,0,0,0,0
365.79,1161.7,0,0,0,0,0,0,0,0,0
368.87,74.23,0,0,0,0,0,0,0,0,0
368.62,141.85,0,0,0,0,0,0,0,0,0
368.39,693.32,1,0,0,0,0,0,0,0,0
369.51,794.69,1,0,0,0,0,0,0,0,0
370.89,219.98,0,0,0,0,0,0,0,0,0
370.53,531.03,0,0,0,0,0,0,0,0,0
371.23,1041.5,0,0,0,0,0,0,0,0,0
377.42,204.43,0,0,0,0,0,0,0,0,0
377.96,479.58,0,0,0,0,0,0,0,0,0
377.84,708.44,1,0,0,0,0,0,0,0,0
381.02,683.04,1,0,0,0,0,0,0,0,0
379.6,835.08,1,0,0,0,0,0,0,0,0
380.72,1018.5,0,0,0,0,0,0,0,0,0
380.05,1035.6,0,0,0,0,0,0,0,0,0
383.25,46.994,0,0,0,0,0,0,0,0,0
383.45,89.995,0,0,0,0,0,0,0,0,0
383.38,665.2,1,0,0,0,0,0,0,0,0
386.31,941.18,0,0,0,0,0,0,0,0,0
387.77,1232.7,0,0,0,0,0,0,0,0,0
396.13,56.471,0,0,0,0,0,0,0,0,0
398.58,43.506,0,0,0,0,0,0,0,0,0
399.04,1235.4,0,0,0,0,0,0,0,0,0
400.04,34.334,0,0,0,0,0,0,0,0,0
401.08,148.86,0,0,0,0,0,0,0,0,0
405.76,560.24,0,0,0,0,0,0,0,0,0
408,1172.4,0,0,0,0,0,0,0,0,0
414.49,33.778,0,0,0,0,0,0,0,0,0
413.9,263.73,0,0,0,0,0,0,0,0,0
415.62,471.15,0,0,0,0,0,0,0,0,0
418.46,60.982,0,0,0,0,0,0,0,0,0
418.88,1204.9,0,0,0,0,0,0,0,0,0
424.44,139.47,0,0,0,0,0,0,0,0,0
424.92,584.94,0,0,0,0,0,0,0,0,0
426.25,765.05,1,0,0,0,0,0,0,0,0
427.36,201.17,0,0,0,0,0,0,0,0,0
427.96,354.62,0,0,0,0,0,0,0,0,0
428.69,749.48,1,0,0,0,0,0,0,0,0
429.02,828.08,1,0,0,0,0,0,0,0,0
428.96,1243,0,0,0,0,0,0,0,0,0
431.77,1265.5,0,0,0,0,0,0,0,0,0
434.67,656.88,1,0,0,0,0,0,0,0,0
435.64,718.16,1,0,0,0,0,0,0,0,0
437.06,845.24,1,0,0,0,0,0,0,0,0
436.33,879.74,1,0,0,0,0,0,0,0,0
436.1,1179.5,0,0,0,0,0,0,0,0,0
436.05,1248.7,0,0,0,0,0,0,0,0,0
439.05,541.65,0,0,0,0,0,0,0,0,0
438.24,587.13,0,0,0,0,0,0,0,0,0
439.28,825.44,1,0,0,0,0,0,0,0,0
442.04,30.854,0,0,0,0,0,0,0,0,0
440.47,139.38,0,0,0,0,0,0,0,0,0
441,816.51,1,0,0,0,0,0,0,0,0
443.68,125.12,0,0,0,0,0,0,0,0,0
443.25,519.18,0,0,0,0,0,0,0,0,0
443.85,659.23,1,0,0,0,0,0,0,0,0
443.92,1189.3,0,0,0,0,0,0,0,0,0
446.03,23.041,0,0,0,0,0,0,0,0,0
444.71,260.89,0,0,0,0,0,0,0,0,0
446.53,926.41,0,0,0,0,0,0,0,0,0
452.71,589.5,0,0,0,0,0,0,0,0,0
453.19,740.04,1,0,0,0,0,0,0,0,0
453.67,638.62,0,0,0,0,0,0,0,0,0
460.16,475.85,0,0,0,0,0,0,0,0,0
462.11,569.02,0,0,0,0,0,0,0,0,0
464.41,591.41,0,0,0,0,0,0,0,0,0
463.61,790.01,1,0,0,0,0,0,0,0,0
464.98,896.02,1,0,0,0,0,0,0,0,0
465.02,1091.7,0,0,0,0,0,1,0,0,0
468.71,180.3,0,0,0,0,0,0,0,0,0
467.7,657.21,1,0,0,0,0,0,0,0,0
467.19,725.09,1,0,0,0,0,0,0,0,0
470.16,404.47,0,0,0,0,0,0,0,0,0
469.98,665.47,1,0,0,0,0,0,0,0,0
470.47,942.51,0,0,0,0,0,0,0,0,0
472.34,744.63,1,0,0,0,0,0,0,0,0
471.87,759.11,1,0,0,0,0,0,0,0,0
472.16,846.06,1,0,0,0,0,0,0,0,0
471.65,855.21,1,0,0,0,0,0,0,0,0
472.38,1062.7,0,0,0,0,0,1,0,0,0
474.19,434.58,0,0,0,0,0,0,0,0,0
475.65,571.22,0,0,0,0,0,0,0,0,0
474.83,642.1,0,0,0,0,0,0,0,0,0
475.17,650.53,1,0,0,0,0,0,0,0,0
474.65,868.36,1,0,0,0,0,0,0,0,0
473.75,1026.2,0,0,0,0,0,0,0,0,0
476.91,949.98,0,0,0,0,0,0,0,0,0
476.44,1014.7,0,0,0,0,0,0,0,0,0
484.12,344.6,0,0,0,0,0,0,0,0,0
485.57,154.77,0,0,0,0,0,0,0,0,0
485.92,787.76,1,0,0,0,0,0,0,0,0
485.68,796.06,1,0,0,0,0,0,0,0,0
485.8,885.27,1,0,0,0,0,0,0,0,0
488.69,445.29,0,0,0,0,0,0,0,0,0
488.61,573.47,0,0,0,0,0,0,0,0,0
491.49,297.03,0,0,0,0,0,0,0,0,0
489.97,989.34,0,0,0,0,0,0,0,0,0
489.52,1190.7,0,0,0,0,0,0,0,0,0
493.66,28.062,0,0,0,0,0,0,0,0,0
493.06,528.12,0,0,0,0,0,0,0,0,0
492.54,645.31,1,0,0,0,0,0,0,0,0
493.39,749.4,1,0,0,0,0,0,0,0,0
495.94,139.61,0,0,0,0,0,0,0,0,0
494.8,731.07,1,0,0,0,0,0,0,0,0
494.75,966.84,0,0,0,0,0,0,0,0,0
496.35,508.96,0,0,0,0,0,0,0,0,0
497.62,864.88,1,0,0,0,0,0,0,0,0
499.54,254.37,0,0,0,0,0,0,0,0,0
502.66,133.57,0,0,0,0,0,0,0,0,0
502.77,575.72,0,0,0,0,0,0,0,0,0
503.46,431.33,0,0,0,0,0,0,0,0,0
504.16,598.28,0,0,0,0,0,0,0,0,0
504.2,960.91,0,0,0,0,0,0,0,0,0
507.11,648.02,1,0,0,0,0,0,0,0,0
505.78,679.47,1,0,0,0,0,0,0,0,0
508.02,666.48,1,0,0,0,0,0,0,0,0
511.05,657.04,1,0,0,0,0,0,0,0,0
512.24,515.35,0,0,0,0,0,0,0,0,0
513.15,585.22,0,0,0,0,0,0,0,0,0
517.43,178.09,0,0,0,0,0,0,0,0,0
516.61,437.09,0,0,0,0,0,0,0,0,0
517.58,1105.2,0,0,0,0,0,1,0,0,0
519.9,493.68,0,0,0,0,0,0,0,0,0
519.08,1113.7,0,0,0,0,0,1,0,0,0
522.04,730.92,1,0,0,0,0,0,0,0,0
529.57,580.26,0,0,0,0,0,0,0,0,0
530.24,519.85,0,0,0,0,0,0,0,0,0
532.79,134.79,0,0,0,0,0,0,0,0,0
533.24,395.88,0,0,0,0,0,0,0,0,0
532.24,1078.2,0,0,0,0,0,1,0,0,0
544.76,645.97,1,0,0,0,0,0,0,0,0
544.47,839.72,1,0,0,0,0,0,0,0,0
546.49,135.34,0,0,0,0,0,0,0,0,0
545.76,614.72,0,0,0,0,0,0,0,0,0
547.09,1191.7,0,0,0,0,0,0,0,0,0
549.19,26.398,0,0,0,0,0,0,0,0,0
549.46,335.8,0,0,0,0,0,0,0,0,0
550.79,379.85,0,0,0,0,0,0,0,0,0
551.17,846.65,1,0,0,0,0,0,0,0,0
554.81,451.75,0,0,0,0,0,0,0,0,0
556.02,584.94,0,0,0,0,0,0,0,0,0
555.91,727.88,1,0,0,0,0,0,0,0,0
556.07,816.2,1,0,0,0,0,0,0,0,0
556.19,1182.3,0,0,0,0,0,0,0,0,0
558.93,20.114,0,0,0,0,0,0,0,0,0
560.88,1162.8,0,0,0,0,0,0,0,0,0
563.62,249.56,0,0,0,0,0,0,0,0,0
562.78,747.13,1,0,0,0,0,0,0,0,0
565.23,656.96,1,0,0,0,0,0,0,0,0
564.96,823.11,1,0,0,0,0,0,0,0,0
563.93,865.57,1,0,0,0,0,0,0,0,0
567.48,903.53,0,0,0,0,0,0,0,0,0
569.49,609.56,0,0,0,0,0,0,0,0,0
571.91,1122.8,0,0,0,0,0,0,0,0,0
573.28,554.32,0,0,0,0,0,0,0,0,0
575.55,507.9,0,0,0,0,0,0,0,0,0
575.86,1187.8,0,0,0,0,0,0,0,0,0
578.44,675.8,1,0,0,0,0,0,0,0,0
577.94,838.95,1,0,0,0,0,0,0,0,0
581.4,70.004,0,1,0,0,0,0,0,0,0
581.49,130.41,0,0,0,0,0,0,0,0,0
580.72,373.45,0,0,0,0,0,0,0,0,0
579.53,564.01,0,0,0,0,0,0,0,0,0
579.43,652.39,1,0,0,0,0,0,0,0,0
580.05,757.92,1,0,0,0,0,0,0,0,0
581.11,1195.1,0,0,0,0,0,0,0,0,0
580.9,1217.1,0,0,0,0,0,0,0,0,0
586.66,906.38,0,0,0,0,0,0,0,0,0
586.98,1117.7,0,0,0,0,0,0,0,0,0
590.25,278.53,0,0,0,0,0,0,0,0,0
589.42,1126.5,0,0,0,0,1,0,0,0,0
590.38,1200.6,0,0,0,0,1,0,0,0,0
592.3,285.99,0,0,0,0,0,0,0,0,0
590.82,760.03,1,0,0,0,1,0,0,0,0
593.96,385.33,0,0,0,0,0,0,0,0,0
594.53,591.49,0,0,0,0,0,0,0,0,0
594.64,739.68,1,0,0,0,1,0,0,0,0
593.57,1147.6,0,0,0,0,1,0,0,0,0
596.93,248.96,0,0,0,0,0,0,0,0,0
597.37,863.47,1,0,0,0,1,0,0,0,0
596.11,1062.8,0,0,0,0,1,0,0,0,0
596.27,1089.4,0,0,0,0,1,0,0,0,0
598.46,90.804,0,1,0,0,0,0,0,0,0
599.35,258.07,0,0,0,0,0,0,0,0,0
598.82,530.75,0,0,0,0,0,0,0,0,0
600.79,1096.2,0,0,0,0,1,0,0,0,0
603.15,403.56,0,0,0,0,0,0,0,0,0
602.09,909.37,0,0,0,0,1,0,0,0,0
603.91,1065.1,0,0,0,0,1,0,0,0,0
603.51,1233.1,0,0,0,0,1,0,0,0,0
605.03,277.34,0,0,0,0,0,0,0,0,0
606.37,490.29,0,0,0,0,0,0,0,0,0
605.43,560.34,0,0,0,0,0,0,0,0,0
605.27,708.14,1,0,0,0,0,0,0,0,0
605.51,1117,0,0,0,0,1,0,0,0,0
607.3,546.83,0,0,0,0,0,0,0,0,0
607.7,1206.1,0,0,0,0,1,0,0,0,0
612.15,1066,0,0,0,0,1,0,0,0,0
613.73,1053.4,0,0,0,0,1,0,0,0,0
613.34,1124.5,0,0,0,0,1,0,0,0,0
614.48,1236.1,0,0,0,0,1,0,0,0,0
615.38,276.56,0,0,0,0,0,0,0,0,0
615.82,546.39,0,0,0,0,0,0,0,0,0
616.16,755.49,1,0,0,0,1,0,0,0,0
615.42,823.83,1,0,0,0,1,0,0,0,0
617.59,893.04,1,0,0,0,1,0,0,0,0
616.45,911.16,0,0,0,0,1,0,0,0,0
616.73,1095.8,0,0,0,0,1,0,0,0,0
617.3,1151.9,0,0,0,0,1,0,0,0,0
615.86,1228.1,0,0,0,0,1,0,0,0,0
619.42,262.37,0,0,0,0,0,0,0,0,0
618.96,712.9,1,0,0,0,0,0,0,0,0
618.88,1132.2,0,0,0,0,1,0,0,0,0
620.52,123.91,0,0,0,0,0,0,0,0,0
620.81,533.08,0,0,0,0,0,0,0,0,0
620.86,1063.5,0,0,0,0,1,0,0,0,0
620.91,1141.2,0,0,0,0,1,0,0,0,0
621.43,1176.6,0,0,0,0,1,0,0,0,0
622.78,492.58,0,0,0,0,0,0,0,0,0
623.51,983.85,0,0,0,0,1,0,0,0,0
625.46,752.37,1,0,0,0,1,0,0,0,0
625.9,886.63,1,0,0,0,1,0,0,0,0
627.02,276.53,0,0,0,0,0,0,0,0,0
627.44,703.85,1,0,0,0,0,0,0,0,0
627.79,1019.2,0,0,0,0,1,0,0,0,0
627.85,1055.2,0,0,0,0,1,0,0,0,0
629.94,629.81,0,0,0,0,0,0,0,0,0
630.28,1015.4,0,0,0,0,1,0,0,0,0
633.22,621,0,0,0,0,0,0,0,0,0
632.9,796.61,1,0,0,0,1,0,0,0,0
632.59,857.9,1,0,0,0,1,0,0,0,0
631.58,1068.6,0,0,0,0,1,0,0,0,0
632.03,1086,0,0,0,0,1,0,0,0,0
633.5,533.22,0,0,0,0,0,0,0,0,0
634.24,1135.8,0,0,0,0,1,0,0,0,0
635.05,1176.5,0,0,0,0,1,0,0,0,0
636.48,542.14,0,0,0,0,0,0,0,0,0
637.08,728.44,1,0,0,0,1,0,0,0,0
639.12,48.9,0,0,0,0,0,0,0,0,0
638.45,1151.9,0,0,0,0,1,0,0,0,0
642.05,390.4,0,0,0,0,0,0,0,0,0
642.33,607.37,0,0,0,0,0,0,0,0,0
642.2,751.66,0,0,0,0,1,0,0,0,0
640.64,1070.3,0,0,0,0,1,0,0,0,0
641.95,1091,0,0,0,0,1,0,0,0,0
643.9,952.17,0,0,0,0,1,0,0,0,0
642.89,1141.2,0,0,0,0,1,0,0,0,0
644.36,1222,0,0,0,0,1,0,0,0,0
646.53,422.27,0,0,0,0,0,0,0,0,0
648.14,200.34,0,0,0,0,0,0,0,0,0
648.15,408.22,0,0,0,0,0,0,0,0,0
647.91,1060.2,0,0,0,0,1,0,0,0,0
650.54,544.95,0,0,0,0,0,0,0,0,0
649.96,996.38,0,0,0,0,1,0,0,0,0
649.97,1032.9,0,0,0,0,1,0,0,0,0
650.33,1095,0,0,0,0,1,0,0,0,0
652.33,1146.4,0,0,0,0,1,0,0,0,0
653.86,732.54,0,0,0,0,1,0,0,0,0
653.86,953.12,0,0,0,0,1,0,0,0,0
657.4,602.85,0,0,0,0,0,0,0,0,0
656.44,625.54,0,0,0,0,0,0,0,0,0
659.36,1031.9,0,0,0,0,1,0,0,0,0
659.41,1093.1,0,0,0,0,1,0,0,0,0
661.56,1082.6,0,0,0,0,1,0,0,0,0
661.55,1133.7,0,0,0,0,1,0,0,0,0
661.06,1255.1,0,0,0,0,1,0,0,0,0
663.74,1070.4,0,0,0,0,1,0,0,0,0
666.12,612.06,0,0,0,0,0,0,0,0,0
666.56,636.69,0,0,0,0,0,0,0,0,0
668.48,627.56,0,0,0,0,0,0,0,0,0
673.57,664.21,0,0,0,0,0,0,0,0,0
674.77,953.18,0,0,0,0,1,0,0,0,0
675.02,965.36,0,0,0,0,1,0,0,0,0
677.16,811.61,0,0,0,0,1,0,0,0,0
677.58,990.47,0,0,0,0,1,0,0,0,0
679.6,1005.9,0,0,0,0,1,0,0,0,0
682.54,45.724,0,0,0,0,0,0,0,0,0
690.97,812.84,0,0,0,0,1,0,0,0,0
697.55,642.46,0,0,0,0,0,0,0,0,0
697.89,867.32,0,0,0,0,1,0,0,0,0
700.36,906.46,0,0,0,0,1,0,0,0,0
704.52,634.4,0,0,0,0,0,0,0,0,0
705.87,142.1,0,0,0,0,0,0,0,0,0
707.3,203.21,0,0,0,0,0,0,0,0,0
706.56,225.79,0,0,0,0,0,0,0,0,0
706.64,679.85,0,0,0,0,0,0,0,0,0
706.23,816.75,0,0,0,0,1,0,0,0,0
707.45,919.95,0,0,0,0,1,0,0,0,0
707.79,122.92,0,0,0,0,0,0,0,0,0
715.52,817.49,0,0,0,0,1,0,0,0,0
716.77,169.27,0,0,0,0,0,0,0,0,0
722.72,1097.7,0,0,0,0,1,0,0,0,0
724.06,695.23,0,0,0,0,0,0,0,0,0
724.57,739.05,0,0,0,0,1,0,0,0,0
725.38,857.69,0,0,0,0,1,0,0,0,0
729.7,929.34,0,0,0,0,1,0,0,0,0
732.34,825.78,0,0,0,0,1,0,0,0,0
733.83,756.53,0,0,0,0,1,0,0,0,0
736.57,363.88,0,0,0,0,0,0,0,0,0
735.66,741.08,0,0,0,0,1,0,0,0,0
738.23,333.15,0,0,0,0,0,0,0,0,0
740.38,715.07,0,0,0,0,0,0,0,0,0
742.16,285.28,0,0,0,0,0,0,0,0,0
743.12,661.2,0,0,0,0,0,0,0,0,0
742.89,1070.6,0,0,0,0,1,0,0,0,0
741.76,1122.6,0,0,0,0,1,0,0,0,0
745.09,792.06,0,0,0,0,1,0,0,0,0
744.69,941.02,0,0,0,0,1,0,0,0,0
745.58,1177,0,0,0,0,1,0,0,0,0
747.57,326.81,0,0,1,0,0,0,0,0,0
746.93,1266.8,0,0,0,0,1,0,0,0,0
750.17,955.54,0,0,0,0,1,0,0,0,0
751.35,531.23,0,0,0,0,0,0,0,0,0
754.84,76.007,0,0,0,0,0,0,0,0,0
757.48,106.59,0,0,0,0,0,0,0,0,0
760.3,1130,0,0,0,0,1,0,0,0,0
767.51,467.74,0,0,1,0,0,0,0,0,0
769.14,537.21,0,0,0,0,0,0,0,0,0
768.84,547.63,0,0,0,0,0,0,0,0,0
772.82,350.88,0,0,1,0,0,0,0,0,0
772.51,563.27,0,0,0,0,0,0,0,0,0
772.09,956.32,0,0,0,0,1,0,0,0,0
776.42,319.38,0,0,1,0,0,0,0,0,0
776.31,521.71,0,0,1,0,0,0,0,0,0
780.3,155.57,0,0,0,0,0,0,0,0,0
782.66,250.56,0,0,0,0,0,0,0,0,0
782.52,484.21,0,0,1,0,0,0,0,0,0
784.22,502.93,0,0,1,0,0,0,0,0,0
784.6,944.63,0,0,0,0,1,0,0,0,0
787.07,1230.8,0,0,0,0,1,0,0,0,0
789.95,484.7,0,0,1,0,0,0,0,0,0
790.47,668.18,0,0,0,0,0,0,0,0,0
790.57,805.57,0,0,0,0,1,0,0,0,0
791.29,271.68,0,0,0,0,0,0,0,0,0
795.14,184.55,0,0,0,0,0,0,0,0,0
794.37,450.3,0,0,1,0,0,0,0,0,0
793.93,652.26,0,0,0,0,0,0,0,0,0
795.28,947.89,0,0,0,0,1,0,0,0,0
798.66,265.49,0,0,0,0,0,0,0,0,0
798.65,779.18,0,0,0,0,1,0,0,0,0
803.57,377.24,0,0,1,0,0,0,0,0,0
805.78,132.41,0,0,0,0,0,0,0,0,0
806.36,348.24,0,0,1,0,0,0,0,0,0
807.69,245.35,0,0,0,0,0,0,0,0,0
807.58,270.97,0,0,0,0,0,0,0,0,0
810.03,151.08,0,0,0,0,0,0,0,0,0
810.16,960.41,0,0,0,0,1,0,0,0,0
809.88,1102.9,0,0,0,0,1,0,0,0,0
809.85,1113.9,0,0,0,0,1,0,0,0,0
812.49,922.5,0,0,0,0,1,0,0,0,0
817.4,345.43,0,0,1,0,0,0,0,0,0
817,457.46,0,0,1,0,0,0,0,0,0
817.14,564.25,0,0,0,0,0,0,0,0,0
818.67,318.88,0,0,1,0,0,0,0,0,0
821.17,247.16,0,0,0,0,0,0,0,0,0
821.16,1118.9,0,0,0,0,1,0,0,0,0
822.95,140.87,0,0,0,0,0,0,0,0,0
822.42,207.79,0,0,0,0,0,0,0,0,0
822.91,269.91,0,0,0,0,0,0,0,0,0
828.99,259.94,0,0,0,0,0,0,0,0,0
829.75,81.386,0,0,0,0,0,0,0,0,0
830.52,275.59,0,0,0,0,0,0,0,0,0
830.63,719.29,0,0,0,0,0,0,0,0,0
831.85,72.291,0,0,0,0,0,0,0,0,0
831.58,1092,0,0,0,0,1,0,0,0,0
832.96,1117.3,0,0,0,0,1,0,0,0,0
834.21,211.33,0,0,0,0,0,0,0,0,0
837.68,263.92,0,0,0,0,0,0,0,0,0
838.5,109.01,0,0,0,0,0,0,0,0,0
843.85,670.77,0,0,0,0,0,0,0,0,0
843.73,959.34,0,0,0,0,1,0,0,0,0
845.93,1137.8,0,0,0,0,1,0,0,0,0
848.58,769.45,0,0,0,0,1,0,0,0,0
847.8,878.31,0,0,0,0,1,0,0,0,0
849.27,1011.9,0,0,0,0,1,0,0,0,0
849.96,456.3,0,0,0,0,0,0,0,0,0
853.29,597.14,0,0,0,0,0,0,0,0,0
852.31,906.14,0,0,0,0,1,0,0,0,0
854.22,282.77,0,0,0,0,0,0,0,0,0
857.03,466.73,0,0,0,0,0,0,0,0,0
857.72,539.93,0,0,0,0,0,0,0,0,0
857.07,673.06,0,0,0,0,0,0,0,0,0
857.51,895.24,0,0,0,0,1,0,0,0,0
859.52,445.84,0,0,0,0,0,0,0,0,0
858.56,681.86,0,0,0,0,0,0,0,0,0
858.72,781.23,0,0,0,0,1,0,0,0,0
862.39,220.42,0,0,0,0,0,0,0,0,0
861.03,696.88,0,0,0,0,0,0,0,0,0
861.88,805.64,0,0,0,0,1,0,0,0,0
863.98,180.58,0,0,0,0,0,0,0,0,0
864.56,532.75,0,0,0,0,0,0,0,0,0
863.2,1195.7,0,0,0,0,1,0,0,0,0
865.95,292.48,0,0,0,0,0,0,0,0,0
869.02,119.18,0,0,0,0,0,0,0,0,0
868.45,171.16,0,0,0,0,0,0,0,0,0
868.42,436.94,0,0,0,0,0,0,0,0,0
871.45,924.14,0,0,0,0,1,0,0,0,0
871.95,795.27,0,0,0,0,1,0,0,0,0
874.31,1132.8,0,0,0,0,1,0,0,0,0
877.83,454.54,0,0,0,0,0,0,0,0,0
878.94,440.66,0,0,0,0,0,0,0,0,0
878.88,677.55,0,0,0,0,0,0,0,0,0
879.76,1181.5,0,0,0,0,1,0,0,0,0
881.49,27.539,0,0,0,0,0,0,0,0,0
881,511.59,0,0,0,0,0,0,0,0,0
885.03,348.8,0,0,0,0,0,0,0,0,0
884.68,922.07,0,0,0,0,1,0,0,0,0
885.05,1125.5,0,0,0,0,1,0,0,0,0
885.89,627.34,0,0,0,0,0,0,0,0,0
886.52,817.21,0,0,0,0,1,0,0,0,0
886.58,1170.8,0,0,0,0,1,0,0,0,0
888.78,504.48,0,0,0,0,0,0,0,0,0
888.3,787.51,0,0,0,0,1,0,0,0,0
889.68,1100.5,0,0,0,0,1,0,0,0,0
895.4,508.08,0,0,0,0,0,0,0,0,0
895.04,814.75,0,0,0,0,1,0,0,0,0
896.61,859.48,0,0,0,0,0,0,0,0,0
897.32,169.06,0,0,0,0,0,0,0,0,0
900.27,978.39,0,0,0,0,0,0,0,0,0
902.23,717.57,0,0,0,0,0,0,0,0,0
903.54,528.7,0,0,0,0,0,0,0,0,0
904.06,557.87,0,0,0,0,0,0,0,0,0
905.33,690.8,0,0,0,0,0,0,0,0,0
909,353.06,0,0,0,0,0,0,0,0,0
909.64,990,0,0,0,0,0,0,0,0,0
911.68,407.34,0,0,0,0,0,0,0,0,0
911.28,415.42,0,0,0,0,0,0,0,0,0
910.58,794.41,0,0,0,0,0,0,0,0,0
912.27,1184.2,0,0,0,0,0,0,0,0,0
910.75,1211.8,0,0,0,0,0,0,0,0,0
912.45,360.28,0,0,0,0,0,0,0,0,0
914.32,395.03,0,0,0,0,0,0,0,0,0
914.59,430.02,0,0,0,0,0,0,0,0,0
916.73,161.12,0,0,0,0,0,0,0,0,0
916.63,981.75,0,0,0,0,0,0,0,0,0
917.43,110.31,0,0,0,0,0,0,0,0,0
920.95,134.32,0,0,0,0,0,0,0,0,0
922.52,531.06,0,0,0,0,0,0,0,0,0
922.68,759.72,0,0,0,0,0,0,0,0,0
923.98,66.829,0,0,0,0,0,0,0,0,0
924.56,439.25,0,0,0,0,0,0,0,0,0
927.62,238.06,0,0,0,0,0,0,0,0,0
926.9,809.91,0,0,0,0,0,0,0,0,0
925.97,1130.2,0,0,0,0,0,0,0,0,0
926.52,1265.8,0,0,0,0,0,0,0,0,0
928.41,641.14,0,0,0,0,0,0,0,0,0
931.79,57.925,0,0,0,0,0,0,0,0,0
930.96,140.02,0,0,0,0,0,0,0,0,0
931.62,421.64,0,0,0,0,0,0,0,0,0
931.14,871.63,0,0,0,0,0,0,0,0,0
932.76,284.01,0,0,0,0,0,0,0,0,0
932.92,793.34,0,0,0,0,0,0,0,0,0
935.89,252.48,0,0,0,0,0,0,0,0,0
935.9,811.61,0,0,0,0,0,0,0,0,0
935.78,983.79,0,0,0,0,0,0,0,0,0
939.67,272.88,0,0,0,0,0,0,0,0,0
940.41,590.22,0,0,0,0,0,0,0,0,0
941.6,629.73,0,0,0,0,0,0,0,0,0
941.18,690.53,0,0,0,0,0,0,0,0,0
942.52,37.495,0,0,0,0,0,0,0,0,0
941.98,53.684,0,0,0,0,0,0,0,0,0
942.93,1032.6,0,0,0,0,0,0,0,0,0
944.56,247.99,0,0,0,0,0,0,0,0,0
944.87,600.27,0,0,0,0,0,0,0,0,0
947.25,524.33,0,0,0,0,0,0,0,0,0
25.538,512.56,0,0,0,0,0,0,0,0,0
29.315,224.09,0,0,0,0,0,0,0,0,0
44.981,523.24,0,0,0,0,0,0,0,0,0
44.73,536.17,0,0,0,0,0,0,0,0,0
45.974,355.03,0,0,0,0,0,0,0,0,0
64.623,467.28,0,0,0,0,0,0,0,0,0
72.303,526.42,0,0,0,0,0,0,0,0,0
71.517,593.75,0,0,0,0,0,0,0,0,0
70.315,1105.5,0,0,0,0,0,0,0,0,0
75.08,631.22,0,0,0,0,0,0,0,0,0
75.722,732.02,0,0,0,0,0,0,0,0,0
81.126,716.46,0,0,0,0,0,0,0,0,0
84.347,257.89,0,0,0,0,0,0,0,0,0
88.617,329.3,0,0,0,0,0,0,0,0,0
94.217,307.14,0,0,0,0,0,0,0,0,0
100.55,282.76,0,0,0,0,0,0,0,0,0
106.09,646.01,0,0,0,0,0,0,0,0,0
108.1,260.41,0,0,0,0,0,0,0,0,0
107.85,661.57,0,0,0,0,0,0,0,0,0
115.81,324.12,0,0,0,0,0,0,0,0,0
122.41,303.64,0,0,0,0,0,0,0,0,0
126.54,80.695,0,0,0,0,0,0,0,0,0
130.83,268.75,0,0,0,0,0,0,0,0,0
132.86,538.64,0,0,0,0,0,0,0,0,0
141.48,531.16,0,0,0,0,0,0,0,0,0
144.31,391.28,0,0,0,0,0,0,0,0,0
152.75,359.69,0,0,0,0,0,0,0,0,0
152.58,630.82,0,0,0,0,0,0,0,0,0
175.27,627.55,0,0,0,0,0,0,0,0,0
186.05,136.57,0,0,0,0,0,0,0,0,0
185.02,635.74,0,0,0,0,0,0,0,0,0
188.04,649.18,0,0,0,0,0,0,0,0,0
191.61,121.77,0,0,0,0,0,0,0,0,0
205.96,117.5,0,0,0,0,0,0,0,0,0
207.44,570.66,0,0,0,0,0,0,0,0,0
206.52,620.56,0,0,0,0,0,0,0,0,0
214.6,599.82,0,0,0,0,0,0,0,0,0
247.1,609.94,0,0,0,0,0,0,0,0,0
244.74,678.51,0,0,0,0,0,0,0,0,0
253.28,1199.1,0,0,0,0,0,0,0,0,0
263.46,768.47,0,0,0,0,0,0,0,0,0
273.93,634.15,0,0,0,0,0,0,0,0,0
287.25,519.44,0,0,0,0,0,0,0,0,0
290.94,1214.8,0,0,0,0,0,0,0,0,0
298.5,584.29,0,0,0,0,0,0,0,0,0
300.54,431.73,0,0,0,0,0,0,0,0,0
300.66,1195.9,0,0,0,0,0,0,0,0,0
314.34,556.97,0,0,0,0,0,0,0,0,0
323.45,617.37,0,0,0,0,0,0,0,0,0
333.88,850.61,1,0,0,0,0,0,0,0,0
356.61,837.81,1,0,0,0,0,0,0,0,0
362.1,714.86,1,0,0,0,0,0,0,0,0
360.65,732.55,1,0,0,0,0,0,0,0,0
359.59,750.18,1,0,0,0,0,0,0,0,0
363.33,583.98,0,0,0,0,0,0,0,0,0
375.75,129.02,0,0,0,0,0,0,0,0,0
375.22,866.15,1,0,0,0,0,0,0,0,0
374.49,1026.3,0,0,0,0,0,0,0,0,0
385.06,774.15,1,0,0,0,0,0,0,0,0
387.85,405.43,0,0,0,0,0,0,0,0,0
394.54,367.43,0,0,0,0,0,0,0,0,0
399.61,21.838,0,0,0,0,0,0,0,0,0
403.28,589.98,0,0,0,0,0,0,0,0,0
419.93,56.367,0,0,0,0,0,0,0,0,0
420.81,488.71,0,0,0,0,0,0,0,0,0
426.05,594.02,0,0,0,0,0,0,0,0,0
424.3,1232.2,0,0,0,0,0,0,0,0,0
429.64,623.64,0,0,0,0,0,0,0,0,0
429.9,727.82,1,0,0,0,0,0,0,0,0
431.91,464.26,0,0,0,0,0,0,0,0,0
432.59,1093.1,0,0,0,0,0,1,0,0,0
435.51,159.38,0,0,0,0,0,0,0,0,0
436,1259.1,0,0,0,0,0,0,0,0,0
437.09,891.27,1,0,0,0,0,0,0,0,0
442.35,68.061,0,0,0,0,0,0,0,0,0
446.51,34.276,0,0,0,0,0,0,0,0,0
446.15,505.86,0,0,0,0,0,0,0,0,0
448.28,786.27,1,0,0,0,0,0,0,0,0
453.18,1087.2,0,0,0,0,0,1,0,0,0
459.52,1196,0,0,0,0,0,0,0,0,0
461.01,510.75,0,0,0,0,0,0,0,0,0
461.59,930.84,0,0,0,0,0,0,0,0,0
461.47,1063,0,0,0,0,0,1,0,0,0
466.31,423.2,0,0,0,0,0,0,0,0,0
474.19,336.01,0,0,0,0,0,0,0,0,0
480.47,651.75,1,0,0,0,0,0,0,0,0
478.99,687.14,1,0,0,0,0,0,0,0,0
481.44,412.62,0,0,0,0,0,0,0,0,0
484.09,603.7,0,0,0,0,0,0,0,0,0
483.43,807.94,1,0,0,0,0,0,0,0,0
482.68,1025.7,0,0,0,0,0,0,0,0,0
484.92,935.16,0,0,0,0,0,0,0,0,0
488.51,1041.3,0,0,0,0,0,0,0,0,0
492.22,428.24,0,0,0,0,0,0,0,0,0
493.75,838.15,1,0,0,0,0,0,0,0,0
496.83,412.84,0,0,0,0,0,0,0,0,0
494.71,455.66,0,0,0,0,0,0,0,0,0
499.58,444.33,0,0,0,0,0,0,0,0,0
501.51,273.27,0,0,0,0,0,0,0,0,0
507.54,381.05,0,0,0,0,0,0,0,0,0
509.34,757.35,1,0,0,0,0,0,0,0,0
517.04,1083,0,0,0,0,0,1,0,0,0
522.5,552.68,0,0,0,0,0,0,0,0,0
525.27,168.16,0,0,0,0,0,0,0,0,0
526.68,257.7,0,0,0,0,0,0,0,0,0
529.78,701.67,1,0,0,0,0,0,0,0,0
535.52,1105.2,0,0,0,0,0,1,0,0,0
548.01,311.08,0,0,0,0,0,0,0,0,0
559.75,558.98,0,0,0,0,0,0,0,0,0
560.52,647.77,1,0,0,0,0,0,0,0,0
563.59,507.31,0,0,0,0,0,0,0,0,0
566.98,1234.3,0,0,0,0,0,0,0,0,0
578,414.22,0,0,0,0,0,0,0,0,0
578.24,576.65,0,0,0,0,0,0,0,0,0
576.07,816.97,1,0,0,0,0,0,0,0,0
581.78,1144.1,0,0,0,0,0,0,0,0,0
583.68,105.36,0,1,0,0,0,0,0,0,0
583.84,358.25,0,0,0,0,0,0,0,0,0
586.55,773.68,1,0,0,0,0,0,0,0,0
591.04,1151.5,0,0,0,0,1,0,0,0,0
594.59,373.33,0,0,0,0,0,0,0,0,0
594.51,1111,0,0,0,0,1,0,0,0,0
597.34,511.99,0,0,0,0,0,0,0,0,0
598.48,808.54,1,0,0,0,1,0,0,0,0
596.76,1213.4,0,0,0,0,1,0,0,0,0
598.53,1225.5,0,0,0,0,1,0,0,0,0
599.35,777.17,1,0,0,0,1,0,0,0,0
604.67,699.01,1,0,0,0,0,0,0,0,0
604.1,1125,0,0,0,0,1,0,0,0,0
606.31,1107.2,0,0,0,0,1,0,0,0,0
610.51,151.27,0,0,0,0,0,0,0,0,0
611.6,513.76,0,0,0,0,0,0,0,0,0
609.76,1241.8,0,0,0,0,1,0,0,0,0
612.99,135.09,0,0,0,0,0,0,0,0,0
615.45,568.89,0,0,0,0,0,0,0,0,0
613.84,681.46,1,0,0,0,0,0,0,0,0
616.6,123.37,0,0,0,0,0,0,0,0,0
618.98,408.07,0,0,0,0,0,0,0,0,0
617.32,810.89,1,0,0,0,1,0,0,0,0
621.84,145.25,0,0,0,0,0,0,0,0,0
623.57,392.83,0,0,0,0,0,0,0,0,0
622.97,515.49,0,0,0,0,0,0,0,0,0
627.34,898.36,1,0,0,0,1,0,0,0,0
629.97,1117,0,0,0,0,1,0,0,0,0
630.14,1190.7,0,0,0,0,1,0,0,0,0
633.65,353.79,0,0,0,0,0,0,0,0,0
635.49,685.37,1,0,0,0,0,0,0,0,0
639.46,1053.3,0,0,0,0,1,0,0,0,0
640.71,973.48,0,0,0,0,1,0,0,0,0
640.57,1124.8,0,0,0,0,1,0,0,0,0
648.3,30.014,0,0,0,0,0,0,0,0,0
646.36,74.925,0,0,0,0,0,0,0,0,0
650.29,670.72,0,0,0,0,0,0,0,0,0
652.11,1085.7,0,0,0,0,1,0,0,0,0
652.4,1133.5,0,0,0,0,1,0,0,0,0
656.14,746.42,0,0,0,0,1,0,0,0,0
658.43,273.59,0,0,0,0,0,0,0,0,0
661.6,1253.5,0,0,0,0,1,0,0,0,0
669.91,549.55,0,0,0,0,0,0,0,0,0
672.23,900.05,0,0,0,0,1,0,0,0,0
675.19,1253.1,0,0,0,0,1,0,0,0,0
678.1,1163.7,0,0,0,0,1,0,0,0,0
681.22,20.119,0,0,0,0,0,0,0,0,0
682.69,806.83,0,0,0,0,1,0,0,0,0
685.39,891.79,0,0,0,0,1,0,0,0,0
685.51,1067.4,0,0,0,0,1,0,0,0,0
684.56,1139.9,0,0,0,0,1,0,0,0,0
695.11,810.06,0,0,0,0,1,0,0,0,0
699.06,22.921,0,0,0,0,0,0,0,0,0
699.25,879.68,0,0,0,0,1,0,0,0,0
701.92,644.31,0,0,0,0,0,0,0,0,0
703,821.17,0,0,0,0,1,0,0,0,0
703.93,51.305,0,0,0,0,0,0,0,0,0
710.28,88.184,0,0,0,0,0,0,0,0,0
712.99,205.03,0,0,0,0,0,0,0,0,0
711.38,586.75,0,0,0,0,0,0,0,0,0
712.07,796.74,0,0,0,0,1,0,0,0,0
711.38,878.81,0,0,0,0,1,0,0,0,0
717.13,191.57,0,0,0,0,0,0,0,0,0
716.08,601.48,0,0,0,0,0,0,0,0,0
721.34,179.96,0,0,0,0,0,0,0,0,0
726.71,796.39,0,0,0,0,1,0,0,0,0
727.35,26.456,0,0,0,0,0,0,0,0,0
729.89,462.6,0,0,0,0,0,0,0,0,0
728.5,851.22,0,0,0,0,1,0,0,0,0
733.74,80.575,0,0,0,0,0,0,0,0,0
736.47,864.13,0,0,0,0,1,0,0,0,0
743.04,317.63,0,0,0,0,0,0,0,0,0
745.21,111.64,0,0,0,0,0,0,0,0,0
746.62,216.35,0,0,0,0,0,0,0,0,0
747.71,421.05,0,0,1,0,0,0,0,0,0
748.91,665.12,0,0,0,0,0,0,0,0,0
756.71,409.54,0,0,1,0,0,0,0,0,0
758.7,655.37,0,0,0,0,0,0,0,0,0
763.55,253.68,0,0,0,0,0,0,0,0,0
763.44,397.56,0,0,1,0,0,0,0,0,0
764.6,307.71,0,0,1,0,0,0,0,0,0
773.8,853.4,0,0,0,0,1,0,0,0,0
775.68,1222.3,0,0,0,0,1,0,0,0,0
778.67,428.21,0,0,1,0,0,0,0,0,0
783.66,614.58,0,0,0,0,0,0,0,0,0
782.77,759.99,0,0,0,0,1,0,0,0,0
789.78,513.58,0,0,1,0,0,0,0,0,0
793.7,293.92,0,0,1,0,0,0,0,0,0
796.56,823.12,0,0,0,0,1,0,0,0,0
799.32,101.29,0,0,0,0,0,0,0,0,0
808.18,19.938,0,0,0,0,0,0,0,0,0
806.74,236.61,0,0,0,0,0,0,0,0,0
809.07,358,0,0,1,0,0,0,0,0,0
812.8,141.99,0,0,0,0,0,0,0,0,0
813.25,605.55,0,0,0,0,0,0,0,0,0
816.93,117.87,0,0,0,0,0,0,0,0,0
816.89,374.38,0,0,1,0,0,0,0,0,0
815.97,512.73,0,0,1,0,0,0,0,0,0
821.16,1100.7,0,0,0,0,1,0,0,0,0
824.17,620.17,0,0,0,0,0,0,0,0,0
828.2,107.86,0,0,0,0,0,0,0,0,0
826.91,434.79,0,0,1,0,0,0,0,0,0
827.7,450.32,0,0,1,0,0,0,0,0,0
825.89,523.79,0,0,1,0,0,0,0,0,0
830.21,191.55,0,0,0,0,0,0,0,0,0
833.13,317.5,0,0,1,0,0,0,0,0,0
835.13,610.04,0,0,0,0,0,0,0,0,0
837.57,90.765,0,0,0,0,0,0,0,0,0
836.02,858.48,0,0,0,0,1,0,0,0,0
844.52,102.19,0,0,0,0,0,0,0,0,0
843.15,973.23,0,0,0,0,1,0,0,0,0
842.46,1094,0,0,0,0,1,0,0,0,0
847.53,320.93,0,0,1,0,0,0,0,0,0
851.31,625.65,0,0,0,0,0,0,0,0,0
849.83,902.25,0,0,0,0,1,0,0,0,0
850.52,1083.8,0,0,0,0,1,0,0,0,0
853.96,830.69,0,0,0,0,1,0,0,0,0
857.92,308.37,0,0,0,0,0,0,0,0,0
857.55,575.71,0,0,0,0,0,0,0,0,0
858.27,923.65,0,0,0,0,1,0,0,0,0
861.49,507.67,0,0,0,0,0,0,0,0,0
863,948.7,0,0,0,0,1,0,0,0,0
867.41,616.52,0,0,0,0,0,0,0,0,0
870.45,601.86,0,0,0,0,0,0,0,0,0
880.84,96.141,0,0,0,0,0,0,0,0,0
880.96,550.01,0,0,0,0,0,0,0,0,0
879.8,797.83,0,0,0,0,1,0,0,0,0
887.78,212.84,0,0,0,0,0,0,0,0,0
888.83,756.07,0,0,0,0,1,0,0,0,0
893.43,55.38,0,0,0,0,0,0,0,0,0
893.88,918.31,0,0,0,0,1,0,0,0,0
905.16,272.23,0,0,0,0,0,0,0,0,0
907.19,138.62,0,0,0,0,0,0,0,0,0
909.41,406.99,0,0,0,0,0,0,0,0,0
908.67,937.78,0,0,0,0,0,0,0,0,0
906.96,966.4,0,0,0,0,0,0,0,0,0
915.64,572.19,0,0,0,0,0,0,0,0,0
918.79,769.77,0,0,0,0,0,0,0,0,0
920.36,55.807,0,0,0,0,0,0,0,0,0
922.62,246.14,0,0,0,0,0,0,0,0,0
923.13,847.62,0,0,0,0,0,0,0,0,0
927.11,356.46,0,0,0,0,0,0,0,0,0
926.97,499.69,0,0,0,0,0,0,0,0,0
932.66,946.28,0,0,0,0,0,0,0,0,0
934.19,1012.7,0,0,0,0,0,0,0,0,0
938.95,28.159,0,0,0,0,0,0,0,0,0
937.04,566.87,0,0,0,0,0,0,0,0,0
36.001,597.46,0,0,0,0,0,0,0,0,0
50.097,216.4,0,0,0,0,0,0,0,0,0
54.473,660.83,0,0,0,0,0,0,0,0,0
71.036,102.46,0,0,0,0,0,0,0,0,0
71.521,673.12,0,0,0,0,0,0,0,0,0
82.659,401.03,0,0,0,0,0,0,0,0,0
101.91,629.33,0,0,0,0,0,0,0,0,0
106.24,526.96,0,0,0,0,0,0,0,0,0
133.28,622.87,0,0,0,0,0,0,0,0,0
130.11,972.25,0,0,0,0,0,0,0,0,0
152.25,659.16,0,0,0,0,0,0,0,0,0
158.52,54.364,0,0,0,0,0,0,0,0,0
155.18,678.91,0,0,0,0,0,0,0,0,0
162.44,310.06,0,0,0,0,0,0,0,0,0
190.66,669.2,0,0,0,0,0,0,0,0,0
195.97,693.38,0,0,0,0,0,0,0,0,0
212.67,586.3,0,0,0,0,0,0,0,0,0
262.11,665.69,0,0,0,0,0,0,0,0,0
285.45,573.82,0,0,0,0,0,0,0,0,0
291.75,404.5,0,0,0,0,0,0,0,0,0
300.92,350.78,0,0,0,0,0,0,0,0,0
326.75,246.1,0,0,0,0,0,0,0,0,0
355.29,567.37,0,0,0,0,0,0,0,0,0
353.84,864.87,1,0,0,0,0,0,0,0,0
367.51,526.42,0,0,0,0,0,0,0,0,0
391.03,97.705,0,0,0,0,0,0,0,0,0
394.24,358.91,0,0,0,0,0,0,0,0,0
394.01,683.64,1,0,0,0,0,0,0,0,0
392.64,874.51,1,0,0,0,0,0,0,0,0
392.4,897.01,1,0,0,0,0,0,0,0,0
415.99,333.89,0,0,0,0,0,0,0,0,0
424.49,197.24,0,0,0,0,0,0,0,0,0
425.42,277.79,0,0,0,0,0,0,0,0,0
423.22,794,1,0,0,0,0,0,0,0,0
439.78,765.29,1,0,0,0,0,0,0,0,0
442.43,910.3,0,0,0,0,0,0,0,0,0
444.74,581.95,0,0,0,0,0,0,0,0,0
445.35,723.68,1,0,0,0,0,0,0,0,0
450.37,307.25,0,0,0,0,0,0,0,0,0
452.29,438.19,0,0,0,0,0,0,0,0,0
449.53,458.1,0,0,0,0,0,0,0,0,0
450.06,803.58,1,0,0,0,0,0,0,0,0
458.08,555.96,0,0,0,0,0,0,0,0,0
461.77,707.79,1,0,0,0,0,0,0,0,0
464.87,182.07,0,0,0,0,0,0,0,0,0
472.08,1209,0,0,0,0,0,0,0,0,0
476.81,834.16,1,0,0,0,0,0,0,0,0
474.97,959.68,0,0,0,0,0,0,0,0,0
488.41,733.63,1,0,0,0,0,0,0,0,0
486.56,778.52,1,0,0,0,0,0,0,0,0
493.23,243.97,0,0,0,0,0,0,0,0,0
489.2,283.36,0,0,0,0,0,0,0,0,0
496.78,442.79,0,0,0,0,0,0,0,0,0
495.56,718.93,1,0,0,0,0,0,0,0,0
518.13,1080.2,0,0,0,0,0,1,0,0,0
520.49,683.58,1,0,0,0,0,0,0,0,0
532.53,709.68,1,0,0,0,0,0,0,0,0
547.46,890.99,1,0,0,0,0,0,0,0,0
550.86,351.9,0,0,0,0,0,0,0,0,0
556.61,295.78,0,0,0,0,0,0,0,0,0
558.9,932.28,0,0,0,0,0,0,0,0,0
563.29,537.6,0,0,0,0,0,0,0,0,0
566.52,96.167,0,0,0,0,0,0,0,0,0
564.79,237.55,0,0,0,0,0,0,0,0,0
567.2,376.42,0,0,0,0,0,0,0,0,0
567.34,890.44,1,0,0,0,0,0,0,0,0
571.32,852.31,1,0,0,0,0,0,0,0,0
578.97,872.06,1,0,0,0,0,0,0,0,0
583.9,87.355,0,1,0,0,0,0,0,0,0
582.79,744.95,1,0,0,0,0,0,0,0,0
583.35,778.89,1,0,0,0,0,0,0,0,0
602.3,896.06,1,0,0,0,1,0,0,0,0
602.46,1178.8,0,0,0,0,1,0,0,0,0
627.72,150.63,0,0,0,0,0,0,0,0,0
631.94,946.98,0,0,0,0,1,0,0,0,0
636.43,586.96,0,0,0,0,0,0,0,0,0
640.1,1205.7,0,0,0,0,1,0,0,0,0
645.35,616.53,0,0,0,0,0,0,0,0,0
648.24,273.18,0,0,0,0,0,0,0,0,0
655.69,31.081,0,0,0,0,0,0,0,0,0
657.04,1048.7,0,0,0,0,1,0,0,0,0
661.07,591.75,0,0,0,0,0,0,0,0,0
664.8,673.43,0,0,0,0,0,0,0,0,0
672.14,334.5,0,0,0,0,0,0,0,0,0
673.08,917.26,0,0,0,0,1,0,0,0,0
683.58,536.98,0,0,0,0,0,0,0,0,0
690.75,187.41,0,0,0,0,0,0,0,0,0
693.69,920.7,0,0,0,0,1,0,0,0,0
695.63,941.31,0,0,0,0,1,0,0,0,0
700.02,216.99,0,0,0,0,0,0,0,0,0
697.65,830.82,0,0,0,0,1,0,0,0,0
708.44,322.64,0,0,0,0,0,0,0,0,0
708.16,649.55,0,0,0,0,0,0,0,0,0
712.21,232.32,0,0,0,0,0,0,0,0,0
712.28,1025.8,0,0,0,0,1,0,0,0,0
711.92,1091.8,0,0,0,0,1,0,0,0,0
718.33,1113.5,0,0,0,0,1,0,0,0,0
732.52,240.37,0,0,0,0,0,0,0,0,0
734.16,445.64,0,0,0,0,0,0,0,0,0
733.98,967.29,0,0,0,0,1,0,0,0,0
745.79,466.27,0,0,0,0,0,0,0,0,0
750.31,687.31,0,0,0,0,0,0,0,0,0
756.78,417.47,0,0,1,0,0,0,0,0,0
759.43,1238.8,0,0,0,0,1,0,0,0,0
764.35,65.433,0,0,0,0,0,0,0,0,0
765.35,312.09,0,0,1,0,0,0,0,0,0
769.88,1174.5,0,0,0,0,1,0,0,0,0
770.39,1195.5,0,0,0,0,1,0,0,0,0
772.91,599.79,0,0,0,0,0,0,0,0,0
782.41,444.99,0,0,1,0,0,0,0,0,0
793.69,422.05,0,0,1,0,0,0,0,0,0
792.95,612.98,0,0,0,0,0,0,0,0,0
800.44,35.706,0,0,0,0,0,0,0,0,0
801.32,220.99,0,0,0,0,0,0,0,0,0
799.93,480.56,0,0,1,0,0,0,0,0,0
809.64,587.88,0,0,0,0,0,0,0,0,0
813.88,395.55,0,0,1,0,0,0,0,0,0
831.02,160.86,0,0,0,0,0,0,0,0,0
830.58,564.08,0,0,0,0,0,0,0,0,0
829.53,915.47,0,0,0,0,1,0,0,0,0
832.21,1058.8,0,0,0,0,1,0,0,0,0
833.68,786.35,0,0,0,0,1,0,0,0,0
840.09,1028.3,0,0,0,0,1,0,0,0,0
845.39,509.56,0,0,1,0,0,0,0,0,0
843.61,931.46,0,0,0,0,1,0,0,0,0
849.36,88.285,0,0,0,0,0,0,0,0,0
850.72,485.45,0,0,0,0,0,0,0,0,0
849.75,1080.7,0,0,0,0,1,0,0,0,0
860.69,391.16,0,0,0,0,0,0,0,0,0
865.29,38.932,0,0,0,0,0,0,0,0,0
877.65,97.482,0,0,0,0,0,0,0,0,0
876.05,1205.6,0,0,0,0,1,0,0,0,0
885.55,968.48,0,0,0,0,1,0,0,0,0
897.11,329.05,0,0,0,0,0,0,0,0,0
899.77,218.72,0,0,0,0,0,0,0,0,0
900.43,1204.6,0,0,0,0,0,0,0,0,0
910.47,49.211,0,0,0,0,0,0,0,0,0
910.53,763.95,0,0,0,0,0,0,0,0,0
920.61,820.52,0,0,0,0,0,0,0,0,0
921.34,962.17,0,0,0,0,0,0,0,0,0
45.401,511.76,0,0,0,0,0,0,0,0,0
71.843,615.52,0,0,0,0,0,0,0,0,0
113.6,473.27,0,0,0,0,0,0,0,0,0
117.75,293.15,0,0,0,0,0,0,0,0,0
159.56,182.46,0,0,0,0,0,0,0,0,0
165.6,339.57,0,0,0,0,0,0,0,0,0
179.98,280.59,0,0,0,0,0,0,0,0,0
180.63,379.35,0,0,0,0,0,0,0,0,0
211.13,112.08,0,0,0,0,0,0,0,0,0
273.14,490.54,0,0,0,0,0,0,0,0,0
294.8,378.15,0,0,0,0,0,0,0,0,0
296.8,513.83,0,0,0,0,0,0,0,0,0
318.99,543.92,0,0,0,0,0,0,0,0,0
350.4,162.77,0,0,0,0,0,0,0,0,0
357.61,130.43,0,0,0,0,0,0,0,0,0
379.16,919,0,0,0,0,0,0,0,0,0
402.24,426.01,0,0,0,0,0,0,0,0,0
411.39,926.89,0,0,0,0,0,0,0,0,0
417.43,355.04,0,0,0,0,0,0,0,0,0
417.87,683.91,1,0,0,0,0,0,0,0,0
426.99,304.68,0,0,0,0,0,0,0,0,0
427.29,444.77,0,0,0,0,0,0,0,0,0
433.54,259.2,0,0,0,0,0,0,0,0,0
443.21,482.87,0,0,0,0,0,0,0,0,0
462.39,280.82,0,0,0,0,0,0,0,0,0
461.14,464.1,0,0,0,0,0,0,0,0,0
475.69,1202.4,0,0,0,0,0,0,0,0,0
487.09,143.85,0,0,0,0,0,0,0,0,0
488.84,326.93,0,0,0,0,0,0,0,0,0
491.51,173.77,0,0,0,0,0,0,0,0,0
492.58,678.79,1,0,0,0,0,0,0,0,0
518.17,951.16,0,0,0,0,0,0,0,0,0
521.48,927.06,0,0,0,0,0,0,0,0,0
582.63,473.88,0,0,0,0,0,0,0,0,0
591.28,200.41,0,0,0,0,0,0,0,0,0
590.96,1208.8,0,0,0,0,1,0,0,0,0
598.53,348.33,0,0,0,0,0,0,0,0,0
610.38,242.75,0,0,0,0,0,0,0,0,0
606.08,297.5,0,0,0,0,0,0,0,0,0
609.94,782.79,1,0,0,0,1,0,0,0,0
624.68,54.191,0,0,0,0,0,0,0,0,0
619.2,454.87,0,0,0,0,0,0,0,0,0
630.41,120.08,0,0,0,0,0,0,0,0,0
632.31,1171.4,0,0,0,0,1,0,0,0,0
635.44,151.5,0,0,0,0,0,0,0,0,0
646.12,657.02,0,0,0,0,0,0,0,0,0
652.62,815.54,0,0,0,0,1,0,0,0,0
653.31,1018,0,0,0,0,1,0,0,0,0
663.3,359.05,0,0,0,0,0,0,0,0,0
659.55,1187.2,0,0,0,0,1,0,0,0,0
672.49,574.72,0,0,0,0,0,0,0,0,0
692.95,147.62,0,0,0,0,0,0,0,0,0
693,212.86,0,0,0,0,0,0,0,0,0
690.73,843.77,0,0,0,0,1,0,0,0,0
699.38,367.14,0,0,0,0,0,0,0,0,0
706.7,522.99,0,0,0,0,0,0,0,0,0
719.02,698.97,0,0,0,0,0,0,0,0,0
731.18,274.85,0,0,0,0,0,0,0,0,0
739.78,635.21,0,0,0,0,0,0,0,0,0
733.43,894.54,0,0,0,0,1,0,0,0,0
754.3,394.01,0,0,1,0,0,0,0,0,0
757.74,1213.2,0,0,0,0,1,0,0,0,0
768.39,599.97,0,0,0,0,0,0,0,0,0
777.14,485.45,0,0,1,0,0,0,0,0,0
787.65,954.41,0,0,0,0,1,0,0,0,0
804.95,261.52,0,0,0,0,0,0,0,0,0
820.42,426.69,0,0,1,0,0,0,0,0,0
821.8,1015.5,0,0,0,0,1,0,0,0,0
830.06,1108.5,0,0,0,0,1,0,0,0,0
843.1,804.02,0,0,0,0,1,0,0,0,0
857.79,428.28,0,0,0,0,0,0,0,0,0
896.38,621.38,0,0,0,0,0,0,0,0,0
920.33,227.24,0,0,0,0,0,0,0,0,0
157.48,526.84,0,0,0,0,0,0,0,0,0
294.66,92.483,0,0,0,0,0,0,0,0,0
374.3,738.11,1,0,0,0,0,0,0,0,0
390.48,557.49,0,0,0,0,0,0,0,0,0
412.97,762.76,1,0,0,0,0,0,0,0,0
408.51,824.83,1,0,0,0,0,0,0,0,0
408.49,1067.4,0,0,0,0,0,1,0,0,0
420.42,708.38,1,0,0,0,0,0,0,0,0
430.69,526.08,0,0,0,0,0,0,0,0,0
428.87,635.6,0,0,0,0,0,0,0,0,0
452.64,571.71,0,0,0,0,0,0,0,0,0
456,678.97,1,0,0,0,0,0,0,0,0
486.68,68.062,0,0,0,0,0,0,0,0,0
506.78,261.29,0,0,0,0,0,0,0,0,0
498.38,475.3,0,0,0,0,0,0,0,0,0
508.62,541.25,0,0,0,0,0,0,0,0,0
532.3,374.78,0,0,0,0,0,0,0,0,0
565.53,152.63,0,0,0,0,0,0,0,0,0
577,329.53,0,0,0,0,0,0,0,0,0
581.04,543.57,0,0,0,0,0,0,0,0,0
589.25,487.77,0,0,0,0,0,0,0,0,0
606.18,90.206,0,1,0,0,0,0,0,0,0
604.54,1029.7,0,0,0,0,1,0,0,0,0
629.87,192.38,0,0,0,0,0,0,0,0,0
630.25,695.57,1,0,0,0,0,0,0,0,0
681.57,1111.9,0,0,0,0,1,0,0,0,0
726.71,1139.1,0,0,0,0,1,0,0,0,0
738.63,582.57,0,0,0,0,0,0,0,0,0
735.38,676.62,0,0,0,0,0,0,0,0,0
750.48,511.98,0,0,1,0,0,0,0,0,0
779.2,556.81,0,0,0,0,0,0,0,0,0
773.88,822.07,0,0,0,0,1,0,0,0,0
788.2,1133.6,0,0,0,0,1,0,0,0,0
841.49,1107.3,0,0,0,0,1,0,0,0,0
891.75,159.35,0,0,0,0,0,0,0,0,0
900.15,1128.3,0,0,0,0,0,0,0,0,0
289.23,329.94,0,0,0,0,0,0,0,0,0
356.49,804.17,1,0,0,0,0,0,0,0,0
401.45,179.21,0,0,0,0,0,0,0,0,0
500.1,422.64,0,0,0,0,0,0,0,0,0
636.38,217.65,0,0,0,0,0,0,0,0,0
702.58,717.63,0,0,0,0,0,0,0,0,0
769.98,258.11,0,0,0,0,0,0,0,0,0
774.18,909.02,0,0,0,0,1,0,0,0,0
789.35,104.4,0,0,0,0,0,0,0,0,0
777.68,190.08,0,0,0,0,0,0,0,0,0
786.61,347.6,0,0,1,0,0,0,0,0,0
782.86,462,0,0,1,0,0,0,0,0,0
818.36,705.06,0,0,0,0,0,0,0,0,0
846.46,895.75,0,0,0,0,1,0,0,0,0
877.79,1051.2,0,0,0,0,1,0,0,0,0
223.18,792.14,0,0,0,0,0,0,0,0,0
341.31,499.62,0,0,0,0,0,0,0,0,0
494.2,535.58,0,0,0,0,0,0,0,0,0
566.11,187.56,0,0,0,0,0,0,0,0,0
